"SHFE Member/OSP Volume, Open Interest Rankings",,,,,,,,,,,
,,,,,,,,,,,
Date: 2026-08-21,,,,,,,,,,,
"Note: FF Member/OSBP may not engage in trading of its own futures, the above volume and positions ranking data of FF Member/OSBP Clearing Members refers to he participation of all clients who are engaging in brokerage business during the statistical period. FF Member/OSBP engaging in brokerage business shall accept entrustment by its clients to conduct futures trading in its own name on behalf of the client.",,,,,,,,,,,
Member/OSP Type,Total Volume,Change from Previous Trading Day,Member/OSP Type,Total Long Position,Change from Previous Trading Day,Member/OSP Type,Total Short Position,Change from Previous Trading Day,,,
Contract Code：cuall,,,,,,,2026-08-21,,,,
Name of FF Member/OSBP,336368,36254,Name of FF Member/OSBP,539420,-2971,Name of FF Member/OSBP,530553,-3111,,,
Name of Non-FF Member/OSNBP,2668,-566,Name of Non-FF Member/OSNBP,2224,75,Name of Non-FF Member/OSNBP,11091,215,,,
Ranking,Name of FF Member /OSBPs,Volume,Change from Previous Trading Day,Ranking,Name of FF Member /OSBPs,Long Position,Change from Previous Trading Day,Ranking,Name of FF Member /OSBPs,Short Position,Change from Previous Trading Day
Contract Code：cu2609,,,,,,,,,,2026-08-21,
1,0163(brokerage business),20405,1556,1,0004(brokerage business),18065,-2485,1,0049(brokerage business),13657,-463
2,0148(brokerage business),15969,-1327,2,0148(brokerage business),16663,-1919,2,0148(brokerage business),12373,-2298
3,0004(brokerage business),11700,3264,3,0049(brokerage business),12139,929,3,0163(brokerage business),7216,-1302
4,0049(brokerage business),7704,2486,4,0163(brokerage business),7067,-128,4,0004(brokerage business),6773,-235
5,0272(brokerage business),5797,1727,5,0272(brokerage business),5545,-191,5,0009(brokerage business),5489,-220
6,0308(brokerage business),4698,932,6,0139(brokerage business),5440,3,6,0321(brokerage business),4791,-207
7,0096(brokerage business),4444,50,7,0103(brokerage business),4923,-676,7,0253(brokerage business),4250,-304
8,0253(brokerage business),4003,1254,8,0025(brokerage business),4252,-299,8,0272(brokerage business),4127,-527
9,0275(brokerage business),3347,-2168,9,0077(brokerage business),3355,-296,9,0139(brokerage business),3875,-104
10,0009(brokerage business),3281,564,10,0253(brokerage business),3270,-269,10,0003(brokerage business),3690,-240
11,0095(brokerage business),2826,305,11,0240(brokerage business),3003,-372,11,0169(brokerage business),3390,-117
12,0268(brokerage business),2773,330,12,0009(brokerage business),2498,473,12,0058(brokerage business),3308,-428
13,0240(brokerage business),2206,343,13,0082(brokerage business),2498,78,13,0034(brokerage business),3159,-136
14,0081(brokerage business),2146,-224,14,0321(brokerage business),2240,-624,14,0315(brokerage business),3092,-169
15,0042(brokerage business),2139,7,15,0003(brokerage business),2210,-52,15,0240(brokerage business),3049,-90
16,0043(brokerage business),2105,567,16,0042(brokerage business),2034,-409,16,0096(brokerage business),2920,106
17,0082(brokerage business),2055,768,17,0335(brokerage business),1905,-588,17,0042(brokerage business),2842,-106
18,0034(brokerage business),2048,35,18,0125(brokerage business),1823,39,18,0082(brokerage business),2782,-874
19,0069(brokerage business),1982,696,19,0161(brokerage business),1743,-107,19,0138(brokerage business),2165,-15
20,0123(brokerage business),1890,372,20,0007(brokerage business),1709,-21,20,0018(brokerage business),2105,-184
Total,,103518,11537,Total,,102382,-6914,Total,,95053,-7913
Ranking,Name of FF Member /OSBPs,Volume,Change from Previous Trading Day,Ranking,Name of FF Member /OSBPs,Long Position,Change from Previous Trading Day,Ranking,Name of FF Member /OSBPs,Short Position,Change from Previous Trading Day
Contract Code：cu2610,,,,,,,,,,2026-08-21,
1,0163(brokerage business),17618,2756,1,0148(brokerage business),32260,2519,1,0148(brokerage business),16992,791
2,0148(brokerage business),14616,358,2,0004(brokerage business),18342,2441,2,0004(brokerage business),15387,180
3,0004(brokerage business),14385,3334,3,0272(brokerage business),9027,-321,3,0049(brokerage business),11299,842
4,0308(brokerage business),5385,1652,4,0103(brokerage business),7926,173,4,0139(brokerage business),10965,589
5,0275(brokerage business),4173,272,5,0163(brokerage business),6820,1191,5,0163(brokerage business),9690,72
6,0253(brokerage business),3576,1004,6,0239(brokerage business),4835,-786,6,0009(brokerage business),8520,40
7,0272(brokerage business),3414,1108,7,0268(brokerage business),4456,724,7,0042(brokerage business),6270,-147
8,0049(brokerage business),2956,1154,8,0335(brokerage business),4112,496,8,0082(brokerage business),5683,250
9,0259(brokerage business),2824,1773,9,0049(brokerage business),3747,-27,9,0315(brokerage business),4660,6
10,0096(brokerage business),2515,579,10,0253(brokerage business),3458,485,10,0272(brokerage business),4411,579
11,0240(brokerage business),2213,786,11,0125(brokerage business),3087,-179,11,0096(brokerage business),4053,124
12,0034(brokerage business),2184,27,12,0240(brokerage business),2942,586,12,0069(brokerage business),3939,-124
13,0042(brokerage business),1942,-381,13,0308(brokerage business),2658,-1432,13,0372(brokerage business),3389,23
14,0239(brokerage business),1903,162,14,0275(brokerage business),2618,232,14,0125(brokerage business),3308,-96
15,0123(brokerage business),1593,-364,15,0042(brokerage business),2485,599,15,0321(brokerage business),3174,229
16,0059(brokerage business),1586,535,16,0077(brokerage business),2403,205,16,0034(brokerage business),3147,-190
17,0268(brokerage business),1566,849,17,0096(brokerage business),2388,383,17,0169(brokerage business),3113,56
18,0009(brokerage business),1530,122,18,0274(brokerage business),2189,26,18,0025(brokerage business),2948,393
19,0103(brokerage business),1510,132,19,0323(brokerage business),2177,269,19,0081(brokerage business),2668,162
20,0082(brokerage business),1484,-1164,20,0082(brokerage business),2083,194,20,0253(brokerage business),2607,627
Total,,88973,14694,Total,,120013,7778,Total,,126223,4406
Ranking,Name of FF Member /OSBPs,Volume,Change from Previous Trading Day,Ranking,Name of FF Member /OSBPs,Long Position,Change from Previous Trading Day,Ranking,Name of FF Member /OSBPs,Short Position,Change from Previous Trading Day
Contract Code：cu2611,,,,,,,,,,2026-08-21,
1,0148(brokerage business),3429,723,1,0148(brokerage business),6028,496,1,0148(brokerage business),9584,609
2,0163(brokerage business),3397,387,2,0004(brokerage business),4782,82,2,0004(brokerage business),7037,-83
3,0004(brokerage business),2525,664,3,0239(brokerage business),3683,602,3,0042(brokerage business),3782,220
4,0308(brokerage business),1619,125,4,0268(brokerage business),3262,-43,4,0163(brokerage business),3153,-11
5,0259(brokerage business),1569,900,5,0049(brokerage business),2947,-28,5,0372(brokerage business),3105,34
6,0275(brokerage business),1414,-39,6,0034(brokerage business),2710,35,6,0049(brokerage business),2646,100
7,0272(brokerage business),1037,745,7,0163(brokerage business),2672,52,7,0253(brokerage business),2586,9
8,0178(brokerage business),805,407,8,0178(brokerage business),2065,-245,8,0272(brokerage business),2110,-343
9,0239(brokerage business),770,-69,9,0272(brokerage business),1827,360,9,0034(brokerage business),1919,108
10,0103(brokerage business),631,548,10,0323(brokerage business),1590,-84,10,0009(brokerage business),1805,377
11,0025(brokerage business),576,159,11,0025(brokerage business),1472,-500,11,0315(brokerage business),1592,256
12,0240(brokerage business),498,-444,12,0125(brokerage business),1456,-1,12,0308(brokerage business),1473,-537
13,0123(brokerage business),475,-203,13,0103(brokerage business),1420,534,13,0169(brokerage business),1466,-36
14,0009(brokerage business),440,-70,14,0274(brokerage business),1411,0,14,0069(brokerage business),1103,78
15,0019(brokerage business),438,32,15,0096(brokerage business),1303,53,15,0321(brokerage business),896,80
16,0125(brokerage business),425,-198,16,0253(brokerage business),1298,-198,16,0240(brokerage business),803,-50
17,0001(brokerage business),416,178,17,0031(brokerage business),1114,50,17,0082(brokerage business),740,2
18,0253(brokerage business),401,50,18,0137(brokerage business),1087,-81,18,0259(brokerage business),737,-958
19,0042(brokerage business),372,-154,19,0321(brokerage business),1002,-5,19,0096(brokerage business),727,97
20,0274(brokerage business),365,29,20,0338(brokerage business),894,-2,20,0003(brokerage business),717,3
Total,,21602,3770,Total,,44023,1077,Total,,47981,-45
Ranking,Name of FF Member /OSBPs,Volume,Change from Previous Trading Day,Ranking,Name of FF Member /OSBPs,Long Position,Change from Previous Trading Day,Ranking,Name of FF Member /OSBPs,Short Position,Change from Previous Trading Day
Contract Code：cu2612,,,,,,,,,,2026-08-21,
1,0163(brokerage business),2213,371,1,0148(brokerage business),5360,-185,1,0148(brokerage business),11358,-107
2,0148(brokerage business),1130,247,2,0136(brokerage business),4005,-9,2,0004(brokerage business),8672,-13
3,0272(brokerage business),1092,221,3,0004(brokerage business),3252,68,3,0049(brokerage business),8607,113
4,0004(brokerage business),911,-297,4,0049(brokerage business),3151,-30,4,0272(brokerage business),4429,35
5,0333(brokerage business),785,70,5,0274(brokerage business),2722,-13,5,0125(brokerage business),3089,6
6,0096(brokerage business),561,369,6,0003(brokerage business),2282,-12,6,0169(brokerage business),2375,151
7,0034(brokerage business),532,-244,7,0034(brokerage business),2051,45,7,0082(brokerage business),2097,10
8,0275(brokerage business),529,-115,8,0069(brokerage business),2019,9,8,0163(brokerage business),1943,235
9,0308(brokerage business),527,-242,9,0031(brokerage business),1994,2,9,0096(brokerage business),1700,51
10,0123(brokerage business),431,303,10,0178(brokerage business),1916,32,10,0372(brokerage business),1523,11
11,0240(brokerage business),362,92,11,0081(brokerage business),1885,43,11,0025(brokerage business),1493,121
12,0259(brokerage business),357,67,12,0042(brokerage business),1857,-17,12,0042(brokerage business),1387,95
13,0077(brokerage business),240,-303,13,0272(brokerage business),1823,53,13,0253(brokerage business),1369,4
14,0042(brokerage business),224,-229,14,0025(brokerage business),1641,-27,14,0034(brokerage business),1300,415
15,0125(brokerage business),217,99,15,0077(brokerage business),1635,5,15,0139(brokerage business),1182,2
16,0059(brokerage business),215,109,16,0163(brokerage business),1619,326,16,0240(brokerage business),1158,-12
17,0049(brokerage business),209,-93,17,0338(brokerage business),1619,11,17,0067(brokerage business),1090,-2
18,0069(brokerage business),203,71,18,0323(brokerage business),1542,-5,18,0103(brokerage business),925,-12
19,0316(brokerage business),188,-64,19,0253(brokerage business),1307,-23,19,0081(brokerage business),809,36
20,0082(brokerage business),184,15,20,0339(brokerage business),1116,0,20,0003(brokerage business),796,0
Total,,11110,447,Total,,44796,273,Total,,57302,1139
Ranking,Name of FF Member /OSBPs,Volume,Change from Previous Trading Day,Ranking,Name of FF Member /OSBPs,Long Position,Change from Previous Trading Day,Ranking,Name of FF Member /OSBPs,Short Position,Change from Previous Trading Day
Contract Code：cu2701,,,,,,,,,,2026-08-21,
1,0163(brokerage business),1393,689,1,0148(brokerage business),3012,62,1,0148(brokerage business),8524,10
2,0275(brokerage business),435,53,2,0049(brokerage business),2443,19,2,0049(brokerage business),5390,52
3,0148(brokerage business),378,7,3,0136(brokerage business),2194,3,3,0272(brokerage business),3867,-6
4,0096(brokerage business),344,320,4,0034(brokerage business),1691,-1,4,0103(brokerage business),1428,-128
5,0333(brokerage business),318,-58,5,0069(brokerage business),1668,1,5,0004(brokerage business),1178,-14
6,0004(brokerage business),259,-95,6,0004(brokerage business),1585,25,6,0042(brokerage business),1015,-1
7,0272(brokerage business),252,-240,7,0323(brokerage business),1308,198,7,0372(brokerage business),940,1
8,0240(brokerage business),224,-64,8,0031(brokerage business),1236,0,8,0067(brokerage business),912,0
9,0323(brokerage business),222,180,9,0272(brokerage business),1041,-54,9,0240(brokerage business),886,1
10,0308(brokerage business),205,-8,10,0177(brokerage business),858,-45,10,0077(brokerage business),809,2
11,0103(brokerage business),144,92,11,0274(brokerage business),785,-1,11,0163(brokerage business),757,241
12,0049(brokerage business),121,74,12,0163(brokerage business),720,44,12,0082(brokerage business),553,0
13,0081(brokerage business),109,31,13,0103(brokerage business),690,-8,13,0018(brokerage business),452,0
14,0178(brokerage business),82,54,14,0339(brokerage business),689,0,14,0009(brokerage business),451,10
15,0068(brokerage business),79,53,15,0178(brokerage business),677,81,15,0333(brokerage business),411,29
16,0123(brokerage business),76,-60,16,0096(brokerage business),596,179,16,0069(brokerage business),273,0
17,0252(brokerage business),70,69,17,0058(brokerage business),571,-2,17,0095(brokerage business),262,2
18,0177(brokerage business),63,36,18,0139(brokerage business),541,0,18,0288(brokerage business),258,1
19,0121(brokerage business),60,56,19,0338(brokerage business),506,-1,19,0169(brokerage business),211,0
20,0253(brokerage business),55,33,20,0253(brokerage business),498,27,20,0253(brokerage business),183,10
Total,,4889,1222,Total,,23309,527,Total,,28760,210
Ranking,Name of FF Member /OSBPs,Volume,Change from Previous Trading Day,Ranking,Name of FF Member /OSBPs,Long Position,Change from Previous Trading Day,Ranking,Name of FF Member /OSBPs,Short Position,Change from Previous Trading Day
Contract Code：cu2703,,,,,,,,,,2026-08-21,
1,0272(brokerage business),416,-86,1,0148(brokerage business),1866,105,1,0148(brokerage business),8643,7
2,0019(brokerage business),396,395,2,0069(brokerage business),1489,3,2,0004(brokerage business),2047,-7
3,0163(brokerage business),349,36,3,0272(brokerage business),1198,221,3,0049(brokerage business),1717,88
4,0333(brokerage business),290,-299,4,0049(brokerage business),1172,-6,4,0077(brokerage business),1261,184
5,0077(brokerage business),204,16,5,0136(brokerage business),1127,-4,5,0163(brokerage business),1142,10
6,0148(brokerage business),150,-66,6,0323(brokerage business),1021,-1,6,0422(brokerage business),1040,0
7,0067(brokerage business),120,120,7,0003(brokerage business),977,0,7,0103(brokerage business),850,1
8,0240(brokerage business),119,-44,8,0034(brokerage business),846,2,8,0333(brokerage business),434,-51
9,0004(brokerage business),114,-513,9,0333(brokerage business),814,189,9,0042(brokerage business),361,0
10,0049(brokerage business),100,66,10,0338(brokerage business),782,0,10,0269(brokerage business),248,0
11,0123(brokerage business),98,79,11,0031(brokerage business),758,0,11,0240(brokerage business),206,42
12,0096(brokerage business),82,82,12,0268(brokerage business),627,12,12,0272(brokerage business),107,-45
13,0081(brokerage business),78,34,13,0082(brokerage business),543,0,13,0008(brokerage business),103,0
14,0186(brokerage business),76,12,14,0253(brokerage business),542,0,14,0268(brokerage business),83,-13
15,0259(brokerage business),67,-42,15,0372(brokerage business),523,44,15,0096(brokerage business),70,0
16,0372(brokerage business),44,-1,16,0042(brokerage business),384,-2,16,0088(brokerage business),63,0
17,0268(brokerage business),27,24,17,0331(brokerage business),362,0,17,0274(brokerage business),63,0
18,0238(brokerage business),26,-1,18,0004(brokerage business),344,33,18,0313(brokerage business),62,0
19,0069(brokerage business),23,12,19,0096(brokerage business),340,0,19,0123(brokerage business),60,-57
20,0274(brokerage business),19,3,20,0169(brokerage business),299,0,20,0009(brokerage business),59,2
Total,,2798,-173,Total,,16014,596,Total,,18619,161
Ranking,Name of FF Member /OSBPs,Volume,Change from Previous Trading Day,Ranking,Name of FF Member /OSBPs,Long Position,Change from Previous Trading Day,Ranking,Name of FF Member /OSBPs,Short Position,Change from Previous Trading Day
Contract Code：bc2609,,,,,,,,,,2026-08-21,
1,8163(brokerage business),3926,-267,1,8148(brokerage business),2821,37,1,8148(brokerage business),2617,-363
2,8148(brokerage business),1872,224,2,8004(brokerage business),1963,-320,2,8004(brokerage business),1530,-211
3,8253(brokerage business),1466,-190,3,8081(brokerage business),770,0,3,8009(brokerage business),1445,100
4,8004(brokerage business),1121,-100,4,8009(brokerage business),638,-1,4,8081(brokerage business),1000,96
5,8308(brokerage business),1062,404,5,8323(brokerage business),613,1,5,8323(brokerage business),606,0
6,8161(brokerage business),558,-291,6,8082(brokerage business),612,27,6,8082(brokerage business),550,-5
7,8123(brokerage business),534,-133,7,8184(brokerage business),463,-116,7,8048(brokerage business),451,0
8,8081(brokerage business),444,19,8,8048(brokerage business),458,-4,8,8096(brokerage business),388,-10
9,8272(brokerage business),416,29,9,8103(brokerage business),434,-49,9,8103(brokerage business),367,-49
10,8275(brokerage business),381,-1459,10,8163(brokerage business),267,23,10,8163(brokerage business),342,-31
11,8096(brokerage business),332,-104,11,8253(brokerage business),247,23,11,8240(brokerage business),325,-29
12,8009(brokerage business),307,118,12,8239(brokerage business),232,10,12,8049(brokerage business),323,-47
13,8082(brokerage business),278,67,13,8001(brokerage business),119,-1,13,8274(brokerage business),162,-2
14,8048(brokerage business),276,44,14,8272(brokerage business),94,-15,14,8308(brokerage business),105,-2
15,8184(brokerage business),234,36,15,8311(brokerage business),76,-5,15,8025(brokerage business),100,0
16,8153(brokerage business),194,36,16,8259(brokerage business),75,2,16,8161(brokerage business),84,-68
17,8003(brokerage business),167,132,17,8019(brokerage business),58,44,17,8253(brokerage business),47,3
18,8240(brokerage business),148,51,18,8335(brokerage business),58,-5,18,8067(brokerage business),42,5
19,8103(brokerage business),140,51,19,8308(brokerage business),57,12,19,8272(brokerage business),41,5
20,8084(brokerage business),100,72,20,8161(brokerage business),55,-104,20,8153(brokerage business),36,15
Total,,13956,-1261,Total,,10110,-441,Total,,10561,-593
Member/OSP Type,Total Volume,Change from Previous Trading Day,Member/OSP Type,Total Long Position,Change from Previous Trading Day,Member/OSP Type,Total Short Position,Change from Previous Trading Day,,,
Contract Code：alall,,,,,,,2026-08-21,,,,
Name of FF Member/OSBP,589953,-24119,Name of FF Member/OSBP,607843,-9765,Name of FF Member/OSBP,606774,-10082,,,
Name of Non-FF Member/OSNBP,461,-101,Name of Non-FF Member/OSNBP,850,-300,Name of Non-FF Member/OSNBP,1919,17,,,
Ranking,Name of FF Member /OSBPs,Volume,Change from Previous Trading Day,Ranking,Name of FF Member /OSBPs,Long Position,Change from Previous Trading Day,Ranking,Name of FF Member /OSBPs,Short Position,Change from Previous Trading Day
Contract Code：al2609,,,,,,,,,,2026-08-21,
1,0163(brokerage business),18346,-3637,1,0148(brokerage business),17723,-766,1,0004(brokerage business),15479,-712
2,0004(brokerage business),18148,-2476,2,0004(brokerage business),14020,-1301,2,0148(brokerage business),12521,-1368
3,0148(brokerage business),14239,-6522,3,0139(brokerage business),6686,-847,3,0275(brokerage business),4951,-360
4,0253(brokerage business),9601,-3843,4,0123(brokerage business),5281,-351,4,0034(brokerage business),4938,-277
5,0275(brokerage business),7816,-594,5,0163(brokerage business),4389,-329,5,0272(brokerage business),4923,29
6,0123(brokerage business),6024,1320,6,0161(brokerage business),4319,-338,6,0139(brokerage business),4860,-500
7,0272(brokerage business),3819,-975,7,0323(brokerage business),3900,-187,7,0268(brokerage business),3734,-214
8,0081(brokerage business),3142,218,8,0003(brokerage business),3483,-546,8,0253(brokerage business),3653,-41
9,0082(brokerage business),3010,2122,9,0034(brokerage business),3072,-919,9,0161(brokerage business),3645,-67
10,0240(brokerage business),2599,-597,10,0272(brokerage business),2942,-394,10,0163(brokerage business),3565,237
11,0018(brokerage business),2357,1856,11,0058(brokerage business),2559,244,11,0240(brokerage business),3485,-1416
12,0323(brokerage business),2215,319,12,0069(brokerage business),2381,-190,12,0049(brokerage business),3079,-452
13,0034(brokerage business),1768,809,13,0253(brokerage business),2368,-324,13,0103(brokerage business),3050,4
14,0268(brokerage business),1643,-730,14,0096(brokerage business),2267,-232,14,0123(brokerage business),2603,-49
15,0139(brokerage business),1559,-329,15,0103(brokerage business),2113,-252,15,0069(brokerage business),1931,-144
16,0049(brokerage business),1516,485,16,0275(brokerage business),1910,-258,16,0019(brokerage business),1885,-262
17,0059(brokerage business),1194,155,17,0049(brokerage business),1873,-402,17,0308(brokerage business),1885,33
18,0259(brokerage business),1102,-381,18,0077(brokerage business),1783,-9,18,0048(brokerage business),1664,6
19,0019(brokerage business),1053,29,19,0006(brokerage business),1724,-10,19,0323(brokerage business),1522,-590
20,0103(brokerage business),936,182,20,0153(brokerage business),1696,-145,20,0029(brokerage business),1458,-25
Total,,102087,-12589,Total,,86489,-7556,Total,,84831,-6168
Ranking,Name of FF Member /OSBPs,Volume,Change from Previous Trading Day,Ranking,Name of FF Member /OSBPs,Long Position,Change from Previous Trading Day,Ranking,Name of FF Member /OSBPs,Short Position,Change from Previous Trading Day
Contract Code：al2610,,,,,,,,,,2026-08-21,
1,0004(brokerage business),50655,-4746,1,0148(brokerage business),33860,-1347,1,0004(brokerage business),41802,-99
2,0163(brokerage business),49809,3718,2,0004(brokerage business),26147,758,2,0148(brokerage business),35182,1118
3,0148(brokerage business),42159,-459,3,0163(brokerage business),18270,1089,3,0123(brokerage business),15005,-1017
4,0253(brokerage business),22120,3068,4,0272(brokerage business),9265,447,4,0163(brokerage business),14694,-448
5,0275(brokerage business),18687,6291,5,0034(brokerage business),9112,341,5,0103(brokerage business),8976,-838
6,0081(brokerage business),10719,2130,6,0268(brokerage business),9033,-60,6,0058(brokerage business),8363,-187
7,0240(brokerage business),7279,2261,7,0239(brokerage business),7412,-2919,7,0272(brokerage business),8160,-112
8,0323(brokerage business),6769,885,8,0103(brokerage business),7132,800,8,0253(brokerage business),7680,726
9,0272(brokerage business),5943,-844,9,0253(brokerage business),6688,-774,9,0239(brokerage business),7045,227
10,0042(brokerage business),5109,1358,10,0275(brokerage business),6306,-61,10,0323(brokerage business),7002,-877
11,0096(brokerage business),5002,1050,11,0323(brokerage business),5834,-1508,11,0240(brokerage business),6918,1012
12,0123(brokerage business),4750,464,12,0335(brokerage business),5598,-1112,12,0275(brokerage business),4456,-64
13,0259(brokerage business),4481,-2264,13,0069(brokerage business),5538,329,13,0139(brokerage business),4252,-853
14,0034(brokerage business),4392,412,14,0042(brokerage business),4914,-444,14,0161(brokerage business),4049,-184
15,0059(brokerage business),4252,1497,15,0049(brokerage business),4582,-508,15,0048(brokerage business),3941,-21
16,0299(brokerage business),4117,1530,16,0240(brokerage business),4065,-271,16,0008(brokerage business),3928,-9
17,0103(brokerage business),3894,671,17,0096(brokerage business),3949,-159,17,0096(brokerage business),3926,-13
18,0268(brokerage business),3852,-214,18,0184(brokerage business),3764,-60,18,0372(brokerage business),3623,69
19,0018(brokerage business),3644,1941,19,0077(brokerage business),3684,-3,19,0311(brokerage business),3482,-73
20,0049(brokerage business),3575,-657,20,0018(brokerage business),3566,-52,20,0095(brokerage business),3353,5
Total,,261208,18092,Total,,178719,-5514,Total,,195837,-1638
Ranking,Name of FF Member /OSBPs,Volume,Change from Previous Trading Day,Ranking,Name of FF Member /OSBPs,Long Position,Change from Previous Trading Day,Ranking,Name of FF Member /OSBPs,Short Position,Change from Previous Trading Day
Contract Code：al2611,,,,,,,,,,2026-08-21,
1,0148(brokerage business),14327,-2080,1,0148(brokerage business),12559,561,1,0004(brokerage business),17065,183
2,0163(brokerage business),10759,346,2,0004(brokerage business),10483,142,2,0123(brokerage business),10861,300
3,0004(brokerage business),7167,-2042,3,0268(brokerage business),7291,156,3,0148(brokerage business),9648,-666
4,0253(brokerage business),4715,-595,4,0034(brokerage business),4732,29,4,0139(brokerage business),5581,-1
5,0275(brokerage business),4216,1123,5,0239(brokerage business),4674,479,5,0103(brokerage business),5239,572
6,0103(brokerage business),1994,1490,6,0272(brokerage business),4228,-38,6,0058(brokerage business),4891,498
7,0323(brokerage business),1832,-629,7,0163(brokerage business),4054,-31,7,0163(brokerage business),3058,76
8,0123(brokerage business),1411,-3,8,0335(brokerage business),3592,249,8,0308(brokerage business),2854,-201
9,0308(brokerage business),1154,-455,9,0323(brokerage business),3485,-87,9,0002(brokerage business),2815,445
10,0240(brokerage business),1021,267,10,0069(brokerage business),3106,67,10,0048(brokerage business),2400,-21
11,0059(brokerage business),986,-773,11,0077(brokerage business),2688,-26,11,0096(brokerage business),2041,43
12,0081(brokerage business),981,-47,12,0049(brokerage business),2474,-31,12,0272(brokerage business),2036,303
13,0069(brokerage business),846,-1421,13,0253(brokerage business),1996,-53,13,0311(brokerage business),1880,6
14,0134(brokerage business),820,328,14,0123(brokerage business),1826,185,14,0268(brokerage business),1805,18
15,0259(brokerage business),767,182,15,0153(brokerage business),1696,134,15,0003(brokerage business),1519,4
16,0272(brokerage business),761,-55,16,0372(brokerage business),1087,-15,16,0253(brokerage business),1355,88
17,0335(brokerage business),720,-1794,17,0275(brokerage business),1055,-345,17,0323(brokerage business),1336,-775
18,0058(brokerage business),710,-113,18,0008(brokerage business),1045,91,18,0008(brokerage business),1153,102
19,0082(brokerage business),545,-423,19,0007(brokerage business),1000,0,19,0275(brokerage business),1068,-27
20,0274(brokerage business),527,-128,20,0139(brokerage business),978,1,20,0261(brokerage business),1006,118
Total,,56259,-6822,Total,,74049,1468,Total,,79611,1065
Ranking,Name of FF Member /OSBPs,Volume,Change from Previous Trading Day,Ranking,Name of FF Member /OSBPs,Long Position,Change from Previous Trading Day,Ranking,Name of FF Member /OSBPs,Short Position,Change from Previous Trading Day
Contract Code：al2612,,,,,,,,,,2026-08-21,
1,0163(brokerage business),3571,-1293,1,0148(brokerage business),8553,313,1,0148(brokerage business),9476,430
2,0148(brokerage business),3277,125,2,0004(brokerage business),6651,-47,2,0004(brokerage business),7584,87
3,0004(brokerage business),1386,-612,3,0272(brokerage business),4670,17,3,0123(brokerage business),6122,-35
4,0323(brokerage business),1182,-83,4,0034(brokerage business),3362,63,4,0139(brokerage business),5171,-1
5,0308(brokerage business),1146,67,5,0268(brokerage business),2456,5,5,0103(brokerage business),3898,36
6,0253(brokerage business),1133,-92,6,0323(brokerage business),2357,321,6,0239(brokerage business),3320,-144
7,0081(brokerage business),820,-132,7,0096(brokerage business),2294,124,7,0042(brokerage business),3256,329
8,0018(brokerage business),634,-346,8,0069(brokerage business),1840,122,8,0268(brokerage business),1992,-30
9,0275(brokerage business),498,-455,9,0315(brokerage business),1829,2,9,0272(brokerage business),1881,-74
10,0069(brokerage business),471,-598,10,0103(brokerage business),1553,0,10,0082(brokerage business),1341,5
11,0240(brokerage business),451,-1269,11,0274(brokerage business),1481,154,11,0058(brokerage business),1227,-33
12,0257(brokerage business),411,390,12,0123(brokerage business),1476,1,12,0151(brokerage business),1211,200
13,0239(brokerage business),393,253,13,0007(brokerage business),1412,34,13,0275(brokerage business),1114,42
14,0274(brokerage business),356,-278,14,0042(brokerage business),1408,6,14,0163(brokerage business),910,-38
15,0042(brokerage business),351,309,15,0321(brokerage business),1088,6,15,0240(brokerage business),813,9
16,0272(brokerage business),331,-66,16,0240(brokerage business),1045,12,16,0323(brokerage business),775,-301
17,0059(brokerage business),296,252,17,0003(brokerage business),933,-10,17,0125(brokerage business),757,-2
18,0049(brokerage business),260,190,18,0139(brokerage business),854,3,18,0048(brokerage business),670,-5
19,0007(brokerage business),247,86,19,0254(brokerage business),839,0,19,0261(brokerage business),617,0
20,0034(brokerage business),242,16,20,0049(brokerage business),780,-16,20,0308(brokerage business),569,130
Total,,17456,-3536,Total,,46881,1110,Total,,52704,605
Ranking,Name of FF Member /OSBPs,Volume,Change from Previous Trading Day,Ranking,Name of FF Member /OSBPs,Long Position,Change from Previous Trading Day,Ranking,Name of FF Member /OSBPs,Short Position,Change from Previous Trading Day
Contract Code：al2701,,,,,,,,,,2026-08-21,
1,0148(brokerage business),2668,1375,1,0034(brokerage business),5170,22,1,0148(brokerage business),8892,1425
2,0163(brokerage business),2185,390,2,0148(brokerage business),4061,-23,2,0004(brokerage business),4218,-360
3,0323(brokerage business),1242,742,3,0004(brokerage business),2717,64,3,0042(brokerage business),2038,-9
4,0253(brokerage business),1095,443,4,0049(brokerage business),2642,-6,4,0249(brokerage business),1522,-68
5,0069(brokerage business),834,398,5,0323(brokerage business),2368,-1050,5,0103(brokerage business),1381,-98
6,0277(brokerage business),719,510,6,0069(brokerage business),2109,-13,6,0274(brokerage business),1086,149
7,0308(brokerage business),696,70,7,0268(brokerage business),1897,28,7,0277(brokerage business),1039,-676
8,0081(brokerage business),676,116,8,0272(brokerage business),1478,3,8,0275(brokerage business),966,-14
9,0004(brokerage business),582,-507,9,0163(brokerage business),1180,432,9,0253(brokerage business),930,-199
10,0240(brokerage business),532,100,10,0042(brokerage business),766,3,10,0029(brokerage business),906,13
11,0123(brokerage business),418,294,11,0007(brokerage business),729,-55,11,0153(brokerage business),801,-43
12,0275(brokerage business),397,240,12,0253(brokerage business),684,184,12,0268(brokerage business),734,-58
13,0274(brokerage business),330,-32,13,0139(brokerage business),630,1,13,0139(brokerage business),712,1
14,0252(brokerage business),320,320,14,0169(brokerage business),629,-1,14,0163(brokerage business),667,-75
15,0007(brokerage business),300,260,15,0240(brokerage business),585,-25,15,0069(brokerage business),633,301
16,0272(brokerage business),270,17,16,0254(brokerage business),582,0,16,0240(brokerage business),562,-185
17,0018(brokerage business),223,14,17,0123(brokerage business),525,113,17,0311(brokerage business),530,0
18,0333(brokerage business),202,67,18,0137(brokerage business),522,-14,18,0272(brokerage business),490,105
19,0049(brokerage business),188,-436,19,0082(brokerage business),485,57,19,0001(brokerage business),442,-44
20,0332(brokerage business),187,187,20,0009(brokerage business),444,-14,20,0134(brokerage business),435,-1
Total,,14064,4568,Total,,30203,-294,Total,,28984,164
Member/OSP Type,Total Volume,Change from Previous Trading Day,Member/OSP Type,Total Long Position,Change from Previous Trading Day,Member/OSP Type,Total Short Position,Change from Previous Trading Day,,,
Contract Code：znall,,,,,,,2026-08-21,,,,
Name of FF Member/OSBP,492266,83070,Name of FF Member/OSBP,253231,5695,Name of FF Member/OSBP,253231,5695,,,
Name of Non-FF Member/OSNBP,0,0,Name of Non-FF Member/OSNBP,0,0,Name of Non-FF Member/OSNBP,0,0,,,
Ranking,Name of FF Member /OSBPs,Volume,Change from Previous Trading Day,Ranking,Name of FF Member /OSBPs,Long Position,Change from Previous Trading Day,Ranking,Name of FF Member /OSBPs,Short Position,Change from Previous Trading Day
Contract Code：zn2609,,,,,,,,,,2026-08-21,
1,0163(brokerage business),15578,2326,1,0163(brokerage business),6254,579,1,0139(brokerage business),4155,-212
2,0148(brokerage business),14403,-1819,2,0148(brokerage business),5504,-859,2,0004(brokerage business),3482,44
3,0275(brokerage business),9105,-1989,3,0004(brokerage business),4400,-176,3,0148(brokerage business),3302,-344
4,0004(brokerage business),7274,296,4,0272(brokerage business),4388,186,4,0272(brokerage business),2538,-31
5,0253(brokerage business),6311,1627,5,0139(brokerage business),3140,-36,5,0058(brokerage business),1962,115
6,0081(brokerage business),2664,53,6,0003(brokerage business),2746,0,6,0049(brokerage business),1909,-37
7,0123(brokerage business),1474,-1461,7,0123(brokerage business),1860,-3,7,0253(brokerage business),1894,103
8,0139(brokerage business),1404,522,8,0240(brokerage business),1797,2,8,0052(brokerage business),1853,-4
9,0059(brokerage business),1363,422,9,0049(brokerage business),1632,-75,9,0315(brokerage business),1705,-315
10,0073(brokerage business),1144,640,10,0177(brokerage business),1284,-62,10,0163(brokerage business),1664,89
11,0240(brokerage business),1090,278,11,0019(brokerage business),942,18,11,0034(brokerage business),1384,70
12,0069(brokerage business),1034,622,12,0253(brokerage business),898,-90,12,0096(brokerage business),1353,-16
13,0308(brokerage business),956,-316,13,0069(brokerage business),877,266,13,0042(brokerage business),1285,-78
14,0272(brokerage business),883,-38,14,0096(brokerage business),742,-27,14,0059(brokerage business),1232,60
15,0082(brokerage business),835,-58,15,0059(brokerage business),705,-91,15,0125(brokerage business),1226,99
16,0177(brokerage business),762,535,16,0081(brokerage business),698,-26,16,0161(brokerage business),1102,-3
17,0274(brokerage business),676,91,17,0333(brokerage business),635,151,17,0268(brokerage business),1099,37
18,0058(brokerage business),645,-1738,18,0058(brokerage business),622,26,18,0025(brokerage business),1090,-4
19,0009(brokerage business),497,38,19,0239(brokerage business),600,0,19,0082(brokerage business),1089,-317
20,0315(brokerage business),472,-165,20,0161(brokerage business),590,-48,20,0277(brokerage business),1074,68
Total,,68570,-134,Total,,40314,-265,Total,,36398,-676
Ranking,Name of FF Member /OSBPs,Volume,Change from Previous Trading Day,Ranking,Name of FF Member /OSBPs,Long Position,Change from Previous Trading Day,Ranking,Name of FF Member /OSBPs,Short Position,Change from Previous Trading Day
Contract Code：zn2610,,,,,,,,,,2026-08-21,
1,0148(brokerage business),42390,5270,1,0148(brokerage business),25345,3590,1,0148(brokerage business),12500,-184
2,0163(brokerage business),41342,5757,2,0004(brokerage business),12528,80,2,0004(brokerage business),9105,-1205
3,0275(brokerage business),37187,5318,3,0239(brokerage business),10506,-2217,3,0272(brokerage business),7596,268
4,0004(brokerage business),34893,6410,4,0163(brokerage business),9552,2207,4,0139(brokerage business),7133,-9
5,0253(brokerage business),25644,5631,5,0272(brokerage business),7206,-565,5,0163(brokerage business),6739,61
6,0272(brokerage business),10809,6050,6,0123(brokerage business),5670,-130,6,0003(brokerage business),5486,105
7,0081(brokerage business),7870,515,7,0253(brokerage business),3822,361,7,0069(brokerage business),5147,343
8,0123(brokerage business),7205,788,8,0335(brokerage business),3691,-814,8,0059(brokerage business),4185,-216
9,0096(brokerage business),6968,731,9,0308(brokerage business),3117,-259,9,0058(brokerage business),3953,-358
10,0259(brokerage business),6739,-448,10,0240(brokerage business),2760,261,10,0315(brokerage business),3645,358
11,0239(brokerage business),5037,870,11,0268(brokerage business),2671,140,11,0049(brokerage business),3555,-23
12,0161(brokerage business),4798,1582,12,0103(brokerage business),2417,99,12,0082(brokerage business),2925,44
13,0308(brokerage business),4138,757,13,0184(brokerage business),2362,188,13,0042(brokerage business),2900,397
14,0136(brokerage business),4085,3808,14,0274(brokerage business),2136,-58,14,0103(brokerage business),2640,-509
15,0335(brokerage business),3925,2926,15,0084(brokerage business),2097,0,15,0253(brokerage business),2639,-389
16,0103(brokerage business),3758,499,16,0018(brokerage business),2066,-94,16,0275(brokerage business),2546,187
17,0034(brokerage business),3386,882,17,0137(brokerage business),1703,-7,17,0025(brokerage business),2526,45
18,0069(brokerage business),3259,1254,18,0081(brokerage business),1580,357,18,0081(brokerage business),2495,-179
19,0059(brokerage business),3253,480,19,0139(brokerage business),1461,2,19,0240(brokerage business),2411,45
20,0042(brokerage business),2936,-487,20,0096(brokerage business),1441,-80,20,0161(brokerage business),2114,-424
Total,,259622,48593,Total,,104131,3061,Total,,92240,-1643
Ranking,Name of FF Member /OSBPs,Volume,Change from Previous Trading Day,Ranking,Name of FF Member /OSBPs,Long Position,Change from Previous Trading Day,Ranking,Name of FF Member /OSBPs,Short Position,Change from Previous Trading Day
Contract Code：zn2611,,,,,,,,,,2026-08-21,
1,0148(brokerage business),13701,4969,1,0239(brokerage business),12225,1255,1,0058(brokerage business),3062,476
2,0163(brokerage business),8703,948,2,0004(brokerage business),6517,-124,2,0321(brokerage business),2470,35
3,0004(brokerage business),5310,1141,3,0148(brokerage business),4434,871,3,0139(brokerage business),2359,584
4,0253(brokerage business),4987,1188,4,0253(brokerage business),2504,71,4,0025(brokerage business),2264,44
5,0081(brokerage business),3432,527,5,0335(brokerage business),2276,2089,5,0148(brokerage business),2048,-106
6,0275(brokerage business),3352,1160,6,0268(brokerage business),1989,-8,6,0003(brokerage business),1878,331
7,0335(brokerage business),2124,2076,7,0123(brokerage business),1761,-183,7,0272(brokerage business),1655,-207
8,0069(brokerage business),1577,951,8,0163(brokerage business),1734,28,8,0077(brokerage business),1525,-45
9,0239(brokerage business),1496,-1577,9,0274(brokerage business),1030,-4,9,0009(brokerage business),1480,130
10,0308(brokerage business),1323,177,10,0081(brokerage business),983,62,10,0059(brokerage business),1348,373
11,0259(brokerage business),1113,85,11,0077(brokerage business),746,-22,11,0308(brokerage business),1328,119
12,0274(brokerage business),1094,349,12,0240(brokerage business),716,50,12,0123(brokerage business),1240,66
13,0059(brokerage business),1089,360,13,0103(brokerage business),503,6,13,0253(brokerage business),1171,54
14,0272(brokerage business),1010,361,14,0323(brokerage business),425,10,14,0096(brokerage business),1057,195
15,0320(brokerage business),974,235,15,0034(brokerage business),367,43,15,0004(brokerage business),766,-50
16,0123(brokerage business),917,-446,16,0116(brokerage business),343,342,16,0034(brokerage business),749,65
17,0333(brokerage business),755,580,17,0272(brokerage business),315,37,17,0333(brokerage business),733,39
18,0058(brokerage business),742,129,18,0042(brokerage business),292,76,18,0069(brokerage business),717,-225
19,0139(brokerage business),684,-939,19,0043(brokerage business),215,36,19,0268(brokerage business),662,103
20,0240(brokerage business),661,220,20,0178(brokerage business),206,-1,20,0163(brokerage business),585,217
Total,,55044,12494,Total,,39581,4634,Total,,29097,2198
Member/OSP Type,Total Volume,Change from Previous Trading Day,Member/OSP Type,Total Long Position,Change from Previous Trading Day,Member/OSP Type,Total Short Position,Change from Previous Trading Day,,,
Contract Code：pball,,,,,,,2026-08-21,,,,
Name of FF Member/OSBP,250078,89926,Name of FF Member/OSBP,115809,-4651,Name of FF Member/OSBP,115809,-4651,,,
Name of Non-FF Member/OSNBP,0,0,Name of Non-FF Member/OSNBP,0,0,Name of Non-FF Member/OSNBP,0,0,,,
Ranking,Name of FF Member /OSBPs,Volume,Change from Previous Trading Day,Ranking,Name of FF Member /OSBPs,Long Position,Change from Previous Trading Day,Ranking,Name of FF Member /OSBPs,Short Position,Change from Previous Trading Day
Contract Code：pb2609,,,,,,,,,,2026-08-21,
1,0253(brokerage business),8159,2464,1,0049(brokerage business),1952,-835,1,0006(brokerage business),2944,130
2,0148(brokerage business),7999,3283,2,0288(brokerage business),1713,-220,2,0148(brokerage business),2121,746
3,0004(brokerage business),5799,1382,3,0274(brokerage business),1289,1,3,0163(brokerage business),1418,-81
4,0163(brokerage business),5398,1262,4,0103(brokerage business),1275,-520,4,0153(brokerage business),1240,-324
5,0081(brokerage business),3273,730,5,0272(brokerage business),1270,-710,5,0320(brokerage business),806,-14
6,0272(brokerage business),1853,1420,6,0004(brokerage business),1118,-335,6,0007(brokerage business),742,-15
7,0275(brokerage business),1284,792,7,0148(brokerage business),1101,59,7,0049(brokerage business),739,14
8,0103(brokerage business),1270,502,8,0308(brokerage business),891,-338,8,0274(brokerage business),661,-55
9,0082(brokerage business),1245,683,9,0096(brokerage business),670,36,9,0308(brokerage business),633,-317
10,0069(brokerage business),1123,669,10,0139(brokerage business),432,0,10,0081(brokerage business),560,-389
11,0308(brokerage business),1043,584,11,0275(brokerage business),431,-677,11,0004(brokerage business),463,-138
12,0240(brokerage business),1042,526,12,0161(brokerage business),375,-162,12,0103(brokerage business),437,-728
13,0049(brokerage business),911,407,13,0058(brokerage business),334,-127,13,0029(brokerage business),377,-12
14,0043(brokerage business),823,601,14,0059(brokerage business),333,1,14,0253(brokerage business),368,-151
15,0339(brokerage business),812,806,15,0163(brokerage business),289,91,15,0335(brokerage business),296,-455
16,0274(brokerage business),682,231,16,0253(brokerage business),276,-74,16,0275(brokerage business),294,-21
17,0335(brokerage business),485,363,17,0034(brokerage business),270,-222,17,0272(brokerage business),273,-691
18,0153(brokerage business),474,138,18,0137(brokerage business),237,-102,18,0268(brokerage business),236,37
19,0331(brokerage business),474,473,19,0077(brokerage business),236,-60,19,0315(brokerage business),234,7
20,0006(brokerage business),472,152,20,0009(brokerage business),208,1,20,0069(brokerage business),220,-262
Total,,44621,17468,Total,,14700,-4193,Total,,15062,-2719
Ranking,Name of FF Member /OSBPs,Volume,Change from Previous Trading Day,Ranking,Name of FF Member /OSBPs,Long Position,Change from Previous Trading Day,Ranking,Name of FF Member /OSBPs,Short Position,Change from Previous Trading Day
Contract Code：pb2610,,,,,,,,,,2026-08-21,
1,0148(brokerage business),21977,7831,1,0148(brokerage business),8227,-1653,1,0148(brokerage business),7984,-1370
2,0004(brokerage business),21363,6197,2,0288(brokerage business),5823,254,2,0163(brokerage business),6374,488
3,0163(brokerage business),20489,6880,3,0272(brokerage business),5512,-1262,3,0239(brokerage business),6161,-1574
4,0253(brokerage business),16081,4936,4,0163(brokerage business),5489,949,4,0004(brokerage business),5819,263
5,0123(brokerage business),13661,10975,5,0004(brokerage business),5096,-656,5,0103(brokerage business),4596,9
6,0275(brokerage business),12621,8043,6,0049(brokerage business),4480,299,6,0123(brokerage business),3602,-1085
7,0272(brokerage business),8364,-452,7,0308(brokerage business),4171,-415,7,0272(brokerage business),2874,558
8,0081(brokerage business),4955,888,8,0103(brokerage business),2706,111,8,0335(brokerage business),2780,-1207
9,0259(brokerage business),2731,154,9,0275(brokerage business),2430,-97,9,0253(brokerage business),2420,-354
10,0240(brokerage business),2518,1001,10,0123(brokerage business),2356,-122,10,0308(brokerage business),2391,500
11,0042(brokerage business),2369,1839,11,0069(brokerage business),1883,-631,11,0084(brokerage business),2087,0
12,0069(brokerage business),2175,1609,12,0253(brokerage business),1844,103,12,0042(brokerage business),2017,500
13,0335(brokerage business),2068,716,13,0081(brokerage business),1583,204,13,0081(brokerage business),1539,491
14,0239(brokerage business),2042,477,14,0077(brokerage business),1160,43,14,0315(brokerage business),1468,99
15,0308(brokerage business),1967,1173,15,0184(brokerage business),1031,231,15,0049(brokerage business),1265,44
16,0043(brokerage business),1834,657,16,0006(brokerage business),1030,142,16,0268(brokerage business),1265,226
17,0034(brokerage business),1547,147,17,0082(brokerage business),864,100,17,0009(brokerage business),1090,-67
18,0389(brokerage business),1525,844,18,0339(brokerage business),839,3,18,0059(brokerage business),1016,343
19,0103(brokerage business),1416,286,19,0177(brokerage business),799,-37,19,0153(brokerage business),1002,38
20,0274(brokerage business),1272,554,20,0139(brokerage business),760,312,20,0137(brokerage business),940,8
Total,,142975,54755,Total,,58083,-2122,Total,,58690,-2090
Ranking,Name of FF Member /OSBPs,Volume,Change from Previous Trading Day,Ranking,Name of FF Member /OSBPs,Long Position,Change from Previous Trading Day,Ranking,Name of FF Member /OSBPs,Short Position,Change from Previous Trading Day
Contract Code：pb2611,,,,,,,,,,2026-08-21,
1,0253(brokerage business),3006,1000,1,0272(brokerage business),3722,788,1,0082(brokerage business),2138,1021
2,0163(brokerage business),2732,1132,2,0004(brokerage business),2717,79,2,0004(brokerage business),2013,334
3,0148(brokerage business),2425,1671,3,0148(brokerage business),2092,233,3,0049(brokerage business),1871,48
4,0004(brokerage business),1985,145,4,0268(brokerage business),2074,0,4,0148(brokerage business),1689,816
5,0069(brokerage business),1245,833,5,0069(brokerage business),1414,41,5,0239(brokerage business),1395,509
6,0082(brokerage business),1032,490,6,0339(brokerage business),1155,1,6,0081(brokerage business),1011,-26
7,0272(brokerage business),958,-1168,7,0163(brokerage business),1075,312,7,0103(brokerage business),970,323
8,0271(brokerage business),813,-165,8,0034(brokerage business),799,31,8,0137(brokerage business),950,-11
9,0308(brokerage business),789,313,9,0077(brokerage business),693,0,9,0163(brokerage business),621,82
10,0123(brokerage business),733,678,10,0308(brokerage business),241,59,10,0177(brokerage business),600,37
11,0239(brokerage business),566,120,11,0274(brokerage business),240,215,11,0272(brokerage business),572,-54
12,0081(brokerage business),541,-357,12,0239(brokerage business),205,57,12,0123(brokerage business),466,422
13,0274(brokerage business),520,131,13,0253(brokerage business),199,113,13,0006(brokerage business),400,-2
14,0137(brokerage business),491,426,14,0295(brokerage business),168,0,14,0139(brokerage business),383,64
15,0096(brokerage business),480,411,15,0178(brokerage business),151,0,15,0042(brokerage business),353,248
16,0042(brokerage business),378,285,16,0271(brokerage business),112,102,16,0335(brokerage business),324,98
17,0323(brokerage business),362,244,17,0323(brokerage business),101,54,17,0096(brokerage business),286,280
18,0034(brokerage business),331,301,18,0007(brokerage business),98,92,18,0151(brokerage business),248,-51
19,0103(brokerage business),325,291,19,0288(brokerage business),79,6,19,0253(brokerage business),232,-101
20,0157(brokerage business),214,211,20,0333(brokerage business),76,37,20,0184(brokerage business),201,1
Total,,19926,6992,Total,,17411,2220,Total,,16723,4038
Member/OSP Type,Total Volume,Change from Previous Trading Day,Member/OSP Type,Total Long Position,Change from Previous Trading Day,Member/OSP Type,Total Short Position,Change from Previous Trading Day,,,
Contract Code：niall,,,,,,,2026-08-21,,,,
Name of FF Member/OSBP,504243,-208146,Name of FF Member/OSBP,313631,929,Name of FF Member/OSBP,310432,1188,,,
Name of Non-FF Member/OSNBP,259,-334,Name of Non-FF Member/OSNBP,0,0,Name of Non-FF Member/OSNBP,3199,-259,,,
Ranking,Name of FF Member /OSBPs,Volume,Change from Previous Trading Day,Ranking,Name of FF Member /OSBPs,Long Position,Change from Previous Trading Day,Ranking,Name of FF Member /OSBPs,Short Position,Change from Previous Trading Day
Contract Code：ni2609,,,,,,,,,,2026-08-21,
1,0148(brokerage business),31073,-14252,1,0004(brokerage business),10507,-971,1,0004(brokerage business),19448,-1112
2,0004(brokerage business),27645,-21182,2,0148(brokerage business),6271,-813,2,0148(brokerage business),10036,-490
3,0163(brokerage business),26426,-12020,3,0163(brokerage business),3691,-882,3,0253(brokerage business),5289,-549
4,0253(brokerage business),10029,-6864,4,0103(brokerage business),3544,-180,4,0009(brokerage business),4393,-110
5,0081(brokerage business),9406,-5491,5,0096(brokerage business),3472,-101,5,0059(brokerage business),3470,49
6,0275(brokerage business),9264,-5383,6,0240(brokerage business),3011,126,6,0082(brokerage business),3377,-943
7,0123(brokerage business),9002,-7521,7,0082(brokerage business),2842,-90,7,0240(brokerage business),2657,-526
8,0240(brokerage business),8416,-5692,8,0253(brokerage business),2411,-202,8,0272(brokerage business),2454,-75
9,0272(brokerage business),5050,-7224,9,0081(brokerage business),2185,260,9,0163(brokerage business),2398,-684
10,0069(brokerage business),4852,-1587,10,0042(brokerage business),2085,-91,10,0169(brokerage business),1958,-11
11,0308(brokerage business),4372,-1812,11,0272(brokerage business),2002,-369,11,0320(brokerage business),1745,-16
12,0268(brokerage business),4356,-2558,12,0275(brokerage business),1907,44,12,0034(brokerage business),1659,-21
13,0186(brokerage business),3902,-1842,13,0123(brokerage business),1893,-57,13,0052(brokerage business),1625,3
14,0298(brokerage business),3550,-1126,14,0034(brokerage business),1879,-227,14,0139(brokerage business),1533,-263
15,0059(brokerage business),3425,-4799,15,0316(brokerage business),1846,-1,15,0275(brokerage business),1510,-28
16,0034(brokerage business),3350,-4559,16,0308(brokerage business),1748,935,16,0069(brokerage business),1487,-26
17,0161(brokerage business),2926,-2629,17,0161(brokerage business),1678,-116,17,0308(brokerage business),1099,-83
18,0009(brokerage business),2890,-2806,18,0049(brokerage business),1432,-131,18,0137(brokerage business),1088,1
19,0288(brokerage business),2457,-296,19,0311(brokerage business),1343,-123,19,0123(brokerage business),1041,-105
20,0299(brokerage business),2253,-416,20,0125(brokerage business),1246,-6,20,0244(brokerage business),1012,54
Total,,174644,-110059,Total,,56993,-2995,Total,,69279,-4935
Ranking,Name of FF Member /OSBPs,Volume,Change from Previous Trading Day,Ranking,Name of FF Member /OSBPs,Long Position,Change from Previous Trading Day,Ranking,Name of FF Member /OSBPs,Short Position,Change from Previous Trading Day
Contract Code：ni2610,,,,,,,,,,2026-08-21,
1,0148(brokerage business),28435,-1955,1,0103(brokerage business),13908,-2100,1,0004(brokerage business),19307,436
2,0004(brokerage business),15465,-5585,2,0148(brokerage business),8712,-1040,2,0148(brokerage business),9626,939
3,0163(brokerage business),14729,-2355,3,0096(brokerage business),7761,177,3,0082(brokerage business),9614,95
4,0275(brokerage business),11406,-2115,4,0004(brokerage business),6264,129,4,0184(brokerage business),7625,-642
5,0123(brokerage business),11397,-2544,5,0082(brokerage business),6026,555,5,0239(brokerage business),6478,-307
6,0253(brokerage business),8931,-2331,6,0163(brokerage business),4509,53,6,0042(brokerage business),5049,127
7,0034(brokerage business),6840,3238,7,0253(brokerage business),4356,388,7,0240(brokerage business),3677,486
8,0272(brokerage business),6319,-91,8,0077(brokerage business),4011,152,8,0335(brokerage business),3626,614
9,0059(brokerage business),5152,-2522,9,0003(brokerage business),3503,-1013,9,0272(brokerage business),3507,-2171
10,0240(brokerage business),5097,-2095,10,0081(brokerage business),3199,8,10,0163(brokerage business),3001,478
11,0081(brokerage business),4359,-1702,11,0272(brokerage business),2306,-26,11,0103(brokerage business),2988,368
12,0103(brokerage business),4262,-592,12,0240(brokerage business),2060,185,12,0123(brokerage business),2618,-44
13,0308(brokerage business),3439,-302,13,0316(brokerage business),2006,6,13,0275(brokerage business),2473,75
14,0009(brokerage business),3024,-941,14,0335(brokerage business),1976,-129,14,0136(brokerage business),2323,-4
15,0058(brokerage business),2743,-36,15,0034(brokerage business),1867,969,15,0253(brokerage business),2043,413
16,0069(brokerage business),2540,112,16,0009(brokerage business),1862,255,16,0323(brokerage business),1785,-21
17,0003(brokerage business),2440,1256,17,0268(brokerage business),1773,112,17,0003(brokerage business),1655,25
18,0186(brokerage business),2240,1,18,0178(brokerage business),1759,105,18,0059(brokerage business),1594,1010
19,0268(brokerage business),2208,-1356,19,0069(brokerage business),1746,127,19,0139(brokerage business),1587,-910
20,0139(brokerage business),1898,305,20,0275(brokerage business),1641,653,20,0169(brokerage business),1274,126
Total,,142924,-21610,Total,,81245,-434,Total,,91850,1093
Ranking,Name of FF Member /OSBPs,Volume,Change from Previous Trading Day,Ranking,Name of FF Member /OSBPs,Long Position,Change from Previous Trading Day,Ranking,Name of FF Member /OSBPs,Short Position,Change from Previous Trading Day
Contract Code：ni2611,,,,,,,,,,2026-08-21,
1,0148(brokerage business),4976,-1377,1,0103(brokerage business),11982,1394,1,0004(brokerage business),9620,66
2,0004(brokerage business),4949,-1198,2,0148(brokerage business),8219,75,2,0148(brokerage business),9336,271
3,0275(brokerage business),4616,-195,3,0004(brokerage business),6152,397,3,0272(brokerage business),4071,8
4,0253(brokerage business),3328,517,4,0096(brokerage business),4812,463,4,0042(brokerage business),2900,83
5,0163(brokerage business),2502,-1057,5,0268(brokerage business),2618,18,5,0184(brokerage business),2443,664
6,0059(brokerage business),1849,-256,6,0316(brokerage business),1923,1,6,0082(brokerage business),2316,618
7,0103(brokerage business),1820,352,7,0034(brokerage business),1682,32,7,0003(brokerage business),2232,528
8,0081(brokerage business),1537,-718,8,0059(brokerage business),1549,23,8,0253(brokerage business),2116,-382
9,0123(brokerage business),1312,-981,9,0163(brokerage business),1510,39,9,0022(brokerage business),2085,0
10,0240(brokerage business),980,-116,10,0178(brokerage business),1422,2,10,0335(brokerage business),2063,173
11,0058(brokerage business),973,342,11,0272(brokerage business),1002,55,11,0123(brokerage business),1863,6
12,0018(brokerage business),961,447,12,0013(brokerage business),841,0,12,0029(brokerage business),1763,0
13,0308(brokerage business),819,-15,13,0253(brokerage business),714,38,13,0139(brokerage business),1616,243
14,0310(brokerage business),800,214,14,0310(brokerage business),689,-100,14,0244(brokerage business),1541,-82
15,0082(brokerage business),780,-36,15,0003(brokerage business),643,83,15,0240(brokerage business),1516,58
16,0184(brokerage business),682,58,16,0018(brokerage business),636,-45,16,0323(brokerage business),1255,-3
17,0003(brokerage business),631,108,17,0161(brokerage business),564,157,17,0163(brokerage business),1040,65
18,0272(brokerage business),617,-63,18,0139(brokerage business),480,10,18,0308(brokerage business),963,411
19,0096(brokerage business),609,133,19,0081(brokerage business),445,16,19,0009(brokerage business),831,135
20,0034(brokerage business),517,-1551,20,0069(brokerage business),444,-19,20,0059(brokerage business),556,-8
Total,,35258,-5392,Total,,48327,2639,Total,,52126,2854
Ranking,Name of FF Member /OSBPs,Volume,Change from Previous Trading Day,Ranking,Name of FF Member /OSBPs,Long Position,Change from Previous Trading Day,Ranking,Name of FF Member /OSBPs,Short Position,Change from Previous Trading Day
Contract Code：ni2612,,,,,,,,,,2026-08-21,
1,0148(brokerage business),2758,-406,1,0148(brokerage business),9128,1228,1,0004(brokerage business),9342,278
2,0271(brokerage business),1582,1051,2,0096(brokerage business),2732,-9,2,0272(brokerage business),4804,36
3,0253(brokerage business),1499,804,3,0103(brokerage business),2308,412,3,0253(brokerage business),2770,1221
4,0163(brokerage business),1236,-439,4,0316(brokerage business),2188,0,4,0148(brokerage business),2273,50
5,0081(brokerage business),1106,-64,5,0003(brokerage business),1421,950,5,0042(brokerage business),2027,0
6,0003(brokerage business),954,928,6,0272(brokerage business),1028,2,6,0139(brokerage business),1819,-1
7,0275(brokerage business),920,-138,7,0244(brokerage business),893,-78,7,0022(brokerage business),1114,0
8,0004(brokerage business),911,-375,8,0178(brokerage business),883,151,8,0240(brokerage business),878,83
9,0034(brokerage business),825,434,9,0004(brokerage business),842,31,9,0007(brokerage business),768,71
10,0103(brokerage business),761,216,10,0263(brokerage business),746,2,10,0153(brokerage business),533,530
11,0153(brokerage business),536,528,11,0059(brokerage business),548,5,11,0077(brokerage business),443,-1
12,0240(brokerage business),286,112,12,0034(brokerage business),447,46,12,0308(brokerage business),404,12
13,0123(brokerage business),236,-428,13,0268(brokerage business),407,17,13,0163(brokerage business),383,152
14,0320(brokerage business),187,45,14,0163(brokerage business),381,36,14,0331(brokerage business),367,0
15,0096(brokerage business),185,-65,15,0038(brokerage business),374,8,15,0052(brokerage business),290,1
16,0308(brokerage business),172,-13,16,0308(brokerage business),368,26,16,0295(brokerage business),283,19
17,0178(brokerage business),154,16,17,0009(brokerage business),364,0,17,0103(brokerage business),242,207
18,0268(brokerage business),148,35,18,0123(brokerage business),312,11,18,0096(brokerage business),223,0
19,0018(brokerage business),135,58,19,0240(brokerage business),289,21,19,0268(brokerage business),221,69
20,0288(brokerage business),112,57,20,0321(brokerage business),235,0,20,0058(brokerage business),209,30
Total,,14703,2356,Total,,25894,2859,Total,,29393,2757
Member/OSP Type,Total Volume,Change from Previous Trading Day,Member/OSP Type,Total Long Position,Change from Previous Trading Day,Member/OSP Type,Total Short Position,Change from Previous Trading Day,,,
Contract Code：snall,,,,,,,2026-08-21,,,,
Name of FF Member/OSBP,370350,-34718,Name of FF Member/OSBP,83769,5393,Name of FF Member/OSBP,83769,5389,,,
Name of Non-FF Member/OSNBP,4,4,Name of Non-FF Member/OSNBP,0,-4,Name of Non-FF Member/OSNBP,0,0,,,
Ranking,Name of FF Member /OSBPs,Volume,Change from Previous Trading Day,Ranking,Name of FF Member /OSBPs,Long Position,Change from Previous Trading Day,Ranking,Name of FF Member /OSBPs,Short Position,Change from Previous Trading Day
Contract Code：sn2609,,,,,,,,,,2026-08-21,
1,0004(brokerage business),37364,-4193,1,0004(brokerage business),3283,-234,1,0272(brokerage business),2151,-127
2,0148(brokerage business),30169,-2299,2,0148(brokerage business),2747,319,2,0004(brokerage business),2133,-254
3,0163(brokerage business),15292,-3523,3,0163(brokerage business),1739,-94,3,0148(brokerage business),2093,-26
4,0275(brokerage business),10263,-1894,4,0034(brokerage business),1076,122,4,0240(brokerage business),1544,-94
5,0253(brokerage business),8800,-978,5,0103(brokerage business),999,-229,5,0163(brokerage business),1370,-222
6,0308(brokerage business),7320,-88,6,0272(brokerage business),901,19,6,0007(brokerage business),1131,39
7,0240(brokerage business),7098,-2920,7,0082(brokerage business),849,-27,7,0268(brokerage business),1116,32
8,0081(brokerage business),6591,-141,8,0059(brokerage business),707,9,8,0042(brokerage business),1065,4
9,0272(brokerage business),6202,-527,9,0253(brokerage business),699,-32,9,0059(brokerage business),902,31
10,0186(brokerage business),5578,159,10,0123(brokerage business),684,-1,10,0103(brokerage business),880,-37
11,0268(brokerage business),4463,-982,11,0240(brokerage business),626,-140,11,0096(brokerage business),842,-103
12,0059(brokerage business),3814,-1030,12,0007(brokerage business),589,21,12,0034(brokerage business),823,-92
13,0034(brokerage business),3790,-883,13,0335(brokerage business),559,-62,13,0049(brokerage business),820,-33
14,0298(brokerage business),3454,-755,14,0049(brokerage business),554,-30,14,0275(brokerage business),803,123
15,0161(brokerage business),3029,199,15,0009(brokerage business),534,-17,15,0253(brokerage business),689,52
16,0259(brokerage business),2581,-311,16,0275(brokerage business),507,-204,16,0018(brokerage business),579,-9
17,0271(brokerage business),2504,-74,17,0153(brokerage business),497,-75,17,0153(brokerage business),570,53
18,0009(brokerage business),2442,-392,18,0018(brokerage business),470,16,18,0315(brokerage business),542,-21
19,0042(brokerage business),1892,-55,19,0268(brokerage business),449,-87,19,0161(brokerage business),477,4
20,0103(brokerage business),1890,709,20,0137(brokerage business),446,-13,20,0082(brokerage business),417,28
Total,,164536,-19978,Total,,18915,-739,Total,,20947,-652
Ranking,Name of FF Member /OSBPs,Volume,Change from Previous Trading Day,Ranking,Name of FF Member /OSBPs,Long Position,Change from Previous Trading Day,Ranking,Name of FF Member /OSBPs,Short Position,Change from Previous Trading Day
Contract Code：sn2610,,,,,,,,,,2026-08-21,
1,0004(brokerage business),17650,581,1,0004(brokerage business),5010,462,1,0240(brokerage business),3316,239
2,0148(brokerage business),16182,157,2,0148(brokerage business),3949,767,2,0004(brokerage business),3071,408
3,0163(brokerage business),8708,234,3,0103(brokerage business),1921,234,3,0148(brokerage business),2358,415
4,0275(brokerage business),8370,-161,4,0059(brokerage business),1719,518,4,0272(brokerage business),2326,435
5,0253(brokerage business),4359,-470,5,0239(brokerage business),1583,-288,5,0034(brokerage business),1909,601
6,0240(brokerage business),3712,-1202,6,0272(brokerage business),1337,122,6,0163(brokerage business),1398,232
7,0298(brokerage business),3480,139,7,0163(brokerage business),1171,248,7,0007(brokerage business),1298,3
8,0059(brokerage business),2962,-299,8,0335(brokerage business),1162,351,8,0096(brokerage business),1290,103
9,0308(brokerage business),2692,-54,9,0084(brokerage business),953,0,9,0042(brokerage business),1213,30
10,0081(brokerage business),2649,66,10,0268(brokerage business),944,14,10,0139(brokerage business),1076,10
11,0272(brokerage business),2611,299,11,0253(brokerage business),866,150,11,0323(brokerage business),891,15
12,0268(brokerage business),2588,28,12,0123(brokerage business),793,-2,12,0003(brokerage business),770,115
13,0034(brokerage business),2354,-604,13,0096(brokerage business),733,100,13,0059(brokerage business),749,90
14,0123(brokerage business),2231,43,14,0274(brokerage business),704,128,14,0268(brokerage business),706,176
15,0259(brokerage business),1819,-20,15,0034(brokerage business),637,217,15,0253(brokerage business),586,99
16,0271(brokerage business),1615,422,16,0049(brokerage business),604,-10,16,0082(brokerage business),526,205
17,0186(brokerage business),1495,-470,17,0007(brokerage business),573,29,17,0298(brokerage business),482,85
18,0082(brokerage business),1378,378,18,0333(brokerage business),506,-4,18,0178(brokerage business),481,18
19,0096(brokerage business),1283,45,19,0042(brokerage business),486,211,19,0019(brokerage business),480,162
20,0161(brokerage business),1206,490,20,0275(brokerage business),486,88,20,0153(brokerage business),434,25
Total,,89344,-398,Total,,26137,3335,Total,,25360,3466
Ranking,Name of FF Member /OSBPs,Volume,Change from Previous Trading Day,Ranking,Name of FF Member /OSBPs,Long Position,Change from Previous Trading Day,Ranking,Name of FF Member /OSBPs,Short Position,Change from Previous Trading Day
Contract Code：sn2611,,,,,,,,,,2026-08-21,
1,0148(brokerage business),3822,-1620,1,0004(brokerage business),2132,155,1,0272(brokerage business),1722,71
2,0004(brokerage business),2916,-725,2,0148(brokerage business),1617,7,2,0148(brokerage business),1531,197
3,0275(brokerage business),2901,-469,3,0163(brokerage business),1157,325,3,0323(brokerage business),1360,14
4,0253(brokerage business),1610,-122,4,0268(brokerage business),956,-1,4,0004(brokerage business),1273,193
5,0163(brokerage business),1048,41,5,0049(brokerage business),618,135,5,0042(brokerage business),887,56
6,0123(brokerage business),698,-306,6,0096(brokerage business),600,-22,6,0007(brokerage business),842,13
7,0059(brokerage business),684,-119,7,0052(brokerage business),543,3,7,0163(brokerage business),673,29
8,0096(brokerage business),604,-172,8,0009(brokerage business),429,21,8,0077(brokerage business),478,88
9,0272(brokerage business),558,-339,9,0103(brokerage business),407,6,9,0096(brokerage business),448,78
10,0240(brokerage business),554,-280,10,0272(brokerage business),401,71,10,0153(brokerage business),273,33
11,0308(brokerage business),546,-58,11,0240(brokerage business),333,42,11,0003(brokerage business),180,21
12,0298(brokerage business),365,128,12,0335(brokerage business),270,72,12,0034(brokerage business),177,17
13,0081(brokerage business),328,-65,13,0274(brokerage business),269,-2,13,0274(brokerage business),163,39
14,0271(brokerage business),273,-46,14,0323(brokerage business),178,16,14,0308(brokerage business),155,15
15,0137(brokerage business),229,-298,15,0277(brokerage business),163,60,15,0139(brokerage business),143,2
16,0082(brokerage business),224,-16,16,0108(brokerage business),162,5,16,0059(brokerage business),130,37
17,0019(brokerage business),207,12,17,0239(brokerage business),143,-53,17,0240(brokerage business),117,0
18,0007(brokerage business),204,-98,18,0138(brokerage business),136,132,18,0019(brokerage business),112,-4
19,0043(brokerage business),204,91,19,0253(brokerage business),129,25,19,0136(brokerage business),112,7
20,0157(brokerage business),204,-11,20,0157(brokerage business),108,-200,20,0123(brokerage business),85,3
Total,,18179,-4472,Total,,10751,797,Total,,10861,909
Member/OSP Type,Total Volume,Change from Previous Trading Day,Member/OSP Type,Total Long Position,Change from Previous Trading Day,Member/OSP Type,Total Short Position,Change from Previous Trading Day,,,
Contract Code：aoall,,,,,,,2026-08-21,,,,
Name of FF Member/OSBP,649704,41896,Name of FF Member/OSBP,532941,-42449,Name of FF Member/OSBP,532041,-42449,,,
Name of Non-FF Member/OSNBP,0,0,Name of Non-FF Member/OSNBP,0,0,Name of Non-FF Member/OSNBP,900,0,,,
Ranking,Name of FF Member /OSBPs,Volume,Change from Previous Trading Day,Ranking,Name of FF Member /OSBPs,Long Position,Change from Previous Trading Day,Ranking,Name of FF Member /OSBPs,Short Position,Change from Previous Trading Day
Contract Code：ao2609,,,,,,,,,,2026-08-21,
1,0148(brokerage business),10454,837,1,0148(brokerage business),4034,-835,1,0148(brokerage business),11982,-1141
2,0163(brokerage business),9072,609,2,0004(brokerage business),3268,-1506,2,0004(brokerage business),6848,-427
3,0004(brokerage business),7759,830,3,0034(brokerage business),2877,-368,3,0058(brokerage business),3039,-477
4,0253(brokerage business),2349,-298,4,0272(brokerage business),2866,-357,4,0103(brokerage business),2220,-536
5,0123(brokerage business),2055,-312,5,0298(brokerage business),2790,-627,5,0059(brokerage business),2068,-845
6,0240(brokerage business),2037,303,6,0163(brokerage business),2775,-471,6,0272(brokerage business),2056,-303
7,0081(brokerage business),1966,481,7,0082(brokerage business),2342,-162,7,0274(brokerage business),1900,-720
8,0268(brokerage business),1375,-57,8,0240(brokerage business),2279,-348,8,0082(brokerage business),1805,-71
9,0275(brokerage business),1330,-159,9,0275(brokerage business),2027,-140,9,0096(brokerage business),1756,49
10,0059(brokerage business),1315,808,10,0277(brokerage business),1849,-62,10,0295(brokerage business),1712,-663
11,0272(brokerage business),1236,-172,11,0308(brokerage business),1730,-219,11,0349(brokerage business),1697,-229
12,0103(brokerage business),1211,355,12,0253(brokerage business),1657,-386,12,0253(brokerage business),1693,-119
13,0298(brokerage business),1152,199,13,0103(brokerage business),1597,-613,13,0151(brokerage business),1608,-542
14,0009(brokerage business),1113,-49,14,0161(brokerage business),1499,-103,14,0123(brokerage business),1573,-74
15,0295(brokerage business),984,614,15,0081(brokerage business),1484,-60,15,0136(brokerage business),1380,3
16,0274(brokerage business),911,679,16,0096(brokerage business),1473,-158,16,0163(brokerage business),1316,-1113
17,0034(brokerage business),685,169,17,0268(brokerage business),1466,-165,17,0153(brokerage business),1306,-109
18,0058(brokerage business),619,34,18,0069(brokerage business),1355,-95,18,0003(brokerage business),1148,-60
19,0151(brokerage business),609,69,19,0018(brokerage business),1347,-13,19,0139(brokerage business),1107,-100
20,0139(brokerage business),544,232,20,0123(brokerage business),1262,-187,20,0321(brokerage business),1107,-71
Total,,48776,5172,Total,,41977,-6875,Total,,49321,-7548
Ranking,Name of FF Member /OSBPs,Volume,Change from Previous Trading Day,Ranking,Name of FF Member /OSBPs,Long Position,Change from Previous Trading Day,Ranking,Name of FF Member /OSBPs,Short Position,Change from Previous Trading Day
Contract Code：ao2610,,,,,,,,,,2026-08-21,
1,0004(brokerage business),71890,1425,1,0004(brokerage business),22121,864,1,0148(brokerage business),31932,-1664
2,0163(brokerage business),47445,4226,2,0148(brokerage business),20579,-1736,2,0004(brokerage business),26273,-2672
3,0148(brokerage business),46030,-1705,3,0272(brokerage business),18440,-835,3,0163(brokerage business),15986,-2680
4,0253(brokerage business),27268,6971,4,0082(brokerage business),17312,-436,4,0272(brokerage business),12814,-1704
5,0275(brokerage business),21552,6609,5,0163(brokerage business),13120,1155,5,0103(brokerage business),12418,-557
6,0081(brokerage business),14226,1670,6,0323(brokerage business),12694,267,6,0240(brokerage business),12130,-775
7,0272(brokerage business),12297,1539,7,0151(brokerage business),9857,1,7,0253(brokerage business),11557,-2083
8,0059(brokerage business),10472,-1680,8,0240(brokerage business),9252,-134,8,0323(brokerage business),11330,-289
9,0298(brokerage business),9747,121,9,0123(brokerage business),7841,-210,9,0335(brokerage business),11262,-2714
10,0240(brokerage business),9741,-1117,10,0253(brokerage business),7208,-1509,10,0151(brokerage business),10530,-46
11,0268(brokerage business),7862,621,11,0288(brokerage business),7119,-194,11,0268(brokerage business),8391,-1
12,0161(brokerage business),7011,-253,12,0268(brokerage business),6709,-1327,12,0059(brokerage business),7875,-3477
13,0034(brokerage business),6689,1292,13,0058(brokerage business),6609,-1442,13,0288(brokerage business),5736,-1774
14,0186(brokerage business),6601,-363,14,0003(brokerage business),6178,-282,14,0178(brokerage business),5415,-6
15,0151(brokerage business),6535,686,15,0096(brokerage business),6073,-443,15,0082(brokerage business),4888,-714
16,0009(brokerage business),6212,796,16,0178(brokerage business),5895,-328,16,0274(brokerage business),4722,1097
17,0123(brokerage business),5770,585,17,0103(brokerage business),5162,-1173,17,0019(brokerage business),3861,2103
18,0103(brokerage business),5684,-168,18,0295(brokerage business),4968,-1272,18,0308(brokerage business),3770,-294
19,0029(brokerage business),5574,1905,19,0139(brokerage business),4741,-606,19,0034(brokerage business),3381,-1510
20,0069(brokerage business),5517,1723,20,0049(brokerage business),4320,-37,20,0042(brokerage business),3333,-404
Total,,334123,24883,Total,,196198,-9677,Total,,207604,-20164
Ranking,Name of FF Member /OSBPs,Volume,Change from Previous Trading Day,Ranking,Name of FF Member /OSBPs,Long Position,Change from Previous Trading Day,Ranking,Name of FF Member /OSBPs,Short Position,Change from Previous Trading Day
Contract Code：ao2611,,,,,,,,,,2026-08-21,
1,0148(brokerage business),3419,1163,1,0082(brokerage business),8757,-15,1,0148(brokerage business),9006,62
2,0163(brokerage business),3339,-643,2,0253(brokerage business),6017,-1098,2,0240(brokerage business),5139,-89
3,0253(brokerage business),2732,639,3,0161(brokerage business),5315,600,3,0151(brokerage business),4887,8
4,0009(brokerage business),2011,766,4,0323(brokerage business),4725,-77,4,0161(brokerage business),4568,604
5,0240(brokerage business),1895,698,5,0240(brokerage business),4703,-1266,5,0323(brokerage business),4461,-8
6,0004(brokerage business),1554,442,6,0272(brokerage business),4550,-72,6,0058(brokerage business),4224,-679
7,0081(brokerage business),1447,393,7,0151(brokerage business),4411,-248,7,0253(brokerage business),3513,60
8,0161(brokerage business),1320,92,8,0163(brokerage business),2394,303,8,0163(brokerage business),2836,-338
9,0059(brokerage business),1297,-178,9,0268(brokerage business),2224,-105,9,0295(brokerage business),2706,-425
10,0123(brokerage business),1154,591,10,0004(brokerage business),1861,-134,10,0004(brokerage business),2625,-180
11,0151(brokerage business),1018,233,11,0034(brokerage business),1697,-50,11,0268(brokerage business),2281,26
12,0275(brokerage business),1016,807,12,0178(brokerage business),1643,-49,12,0082(brokerage business),1586,-830
13,0082(brokerage business),1007,495,13,0308(brokerage business),1622,5,13,0178(brokerage business),1501,-3
14,0178(brokerage business),980,125,14,0048(brokerage business),1538,217,14,0048(brokerage business),1215,206
15,0058(brokerage business),899,166,15,0123(brokerage business),1485,-274,15,0272(brokerage business),1200,-42
16,0268(brokerage business),747,-5564,16,0148(brokerage business),1035,-1,16,0288(brokerage business),1176,216
17,0048(brokerage business),603,-63,17,0019(brokerage business),865,-8,17,0308(brokerage business),1141,-89
18,0308(brokerage business),540,284,18,0103(brokerage business),733,-93,18,0086(brokerage business),1021,-86
19,0295(brokerage business),498,301,19,0311(brokerage business),682,4,19,0059(brokerage business),944,-29
20,0029(brokerage business),472,319,20,0003(brokerage business),676,-1,20,0311(brokerage business),875,-65
Total,,27948,1066,Total,,56933,-2362,Total,,56905,-1681
Ranking,Name of FF Member /OSBPs,Volume,Change from Previous Trading Day,Ranking,Name of FF Member /OSBPs,Long Position,Change from Previous Trading Day,Ranking,Name of FF Member /OSBPs,Short Position,Change from Previous Trading Day
Contract Code：ao2701,,,,,,,,,,2026-08-21,
1,0004(brokerage business),7668,2443,1,0034(brokerage business),12977,-18,1,0004(brokerage business),10369,1907
2,0275(brokerage business),5311,1222,2,0372(brokerage business),5057,-506,2,0103(brokerage business),9591,1365
3,0163(brokerage business),5177,456,3,0082(brokerage business),4733,-26,3,0148(brokerage business),9362,-949
4,0148(brokerage business),4736,579,4,0116(brokerage business),4651,55,4,0003(brokerage business),5002,908
5,0240(brokerage business),3012,614,5,0004(brokerage business),4034,325,5,0335(brokerage business),4149,-316
6,0253(brokerage business),2815,243,6,0148(brokerage business),3297,139,6,0123(brokerage business),3575,-21
7,0103(brokerage business),2007,184,7,0253(brokerage business),2775,78,7,0163(brokerage business),3072,-330
8,0081(brokerage business),1743,550,8,0163(brokerage business),2538,453,8,0253(brokerage business),2662,-367
9,0123(brokerage business),1723,1049,9,0323(brokerage business),2397,-59,9,0240(brokerage business),2422,-1479
10,0059(brokerage business),1534,495,10,0275(brokerage business),2192,-17,10,0058(brokerage business),1894,-47
11,0335(brokerage business),1350,35,11,0103(brokerage business),1869,-166,11,0272(brokerage business),1865,-144
12,0003(brokerage business),1177,1068,12,0186(brokerage business),1247,-94,12,0139(brokerage business),1852,303
13,0259(brokerage business),1083,414,13,0077(brokerage business),1182,-15,13,0151(brokerage business),1622,34
14,0034(brokerage business),952,-12,14,0156(brokerage business),1165,408,14,0034(brokerage business),1369,-148
15,0272(brokerage business),920,103,15,0123(brokerage business),965,8,15,0274(brokerage business),1325,192
16,0069(brokerage business),900,411,16,0272(brokerage business),949,114,16,0249(brokerage business),1218,-43
17,0308(brokerage business),855,380,17,0268(brokerage business),933,-79,17,0275(brokerage business),1191,134
18,0156(brokerage business),846,617,18,0277(brokerage business),872,-11,18,0349(brokerage business),963,4
19,0186(brokerage business),836,-54,19,0096(brokerage business),870,61,19,0288(brokerage business),868,180
20,0151(brokerage business),776,292,20,0240(brokerage business),865,-39,20,0244(brokerage business),865,-21
Total,,45421,11089,Total,,55568,611,Total,,65236,1162
Member/OSP Type,Total Volume,Change from Previous Trading Day,Member/OSP Type,Total Long Position,Change from Previous Trading Day,Member/OSP Type,Total Short Position,Change from Previous Trading Day,,,
Contract Code：adall,,,,,,,2026-08-21,,,,
Name of FF Member/OSBP,21256,-422,Name of FF Member/OSBP,23763,-339,Name of FF Member/OSBP,23763,-339,,,
Name of Non-FF Member/OSNBP,0,0,Name of Non-FF Member/OSNBP,0,0,Name of Non-FF Member/OSNBP,0,0,,,
Ranking,Name of FF Member /OSBPs,Volume,Change from Previous Trading Day,Ranking,Name of FF Member /OSBPs,Long Position,Change from Previous Trading Day,Ranking,Name of FF Member /OSBPs,Short Position,Change from Previous Trading Day
Contract Code：ad2609,,,,,,,,,,2026-08-21,
1,0004(brokerage business),353,110,1,0253(brokerage business),385,-12,1,0123(brokerage business),473,-1
2,0148(brokerage business),295,103,2,0004(brokerage business),321,-20,2,0275(brokerage business),414,1
3,0008(brokerage business),258,80,3,0275(brokerage business),304,-2,3,0323(brokerage business),346,16
4,0275(brokerage business),219,101,4,0323(brokerage business),300,0,4,0253(brokerage business),300,0
5,0163(brokerage business),215,78,5,0257(brokerage business),293,2,5,0257(brokerage business),290,-3
6,0137(brokerage business),183,75,6,0008(brokerage business),289,-2,6,0008(brokerage business),285,-2
7,0096(brokerage business),182,48,7,0123(brokerage business),283,-7,7,0009(brokerage business),282,0
8,0253(brokerage business),126,29,8,0009(brokerage business),282,0,8,0048(brokerage business),280,0
9,0320(brokerage business),112,92,9,0048(brokerage business),280,-1,9,0137(brokerage business),242,-1
10,0257(brokerage business),89,-11,10,0137(brokerage business),239,0,10,0004(brokerage business),229,5
11,0139(brokerage business),87,41,11,0018(brokerage business),180,0,11,0139(brokerage business),169,-44
12,0268(brokerage business),75,69,12,0320(brokerage business),180,32,12,0272(brokerage business),107,13
13,0048(brokerage business),69,51,13,0139(brokerage business),154,-43,13,0153(brokerage business),76,11
14,0058(brokerage business),64,53,14,0034(brokerage business),117,-2,14,0349(brokerage business),75,-27
15,0321(brokerage business),49,49,15,0163(brokerage business),71,-15,15,0148(brokerage business),71,13
16,0349(brokerage business),48,39,16,0349(brokerage business),65,-11,16,0103(brokerage business),68,1
17,0123(brokerage business),44,23,17,0268(brokerage business),59,23,17,0277(brokerage business),57,0
18,0323(brokerage business),44,24,18,0148(brokerage business),54,-44,18,0299(brokerage business),35,0
19,0009(brokerage business),38,6,19,0272(brokerage business),38,0,19,0163(brokerage business),34,-6
20,0069(brokerage business),30,-36,20,0096(brokerage business),32,-91,20,0268(brokerage business),33,2
Total,,2580,1024,Total,,3926,-193,Total,,3866,-22
Ranking,Name of FF Member /OSBPs,Volume,Change from Previous Trading Day,Ranking,Name of FF Member /OSBPs,Long Position,Change from Previous Trading Day,Ranking,Name of FF Member /OSBPs,Short Position,Change from Previous Trading Day
Contract Code：ad2610,,,,,,,,,,2026-08-21,
1,0163(brokerage business),1978,365,1,0323(brokerage business),1814,1,1,0323(brokerage business),1774,0
2,0081(brokerage business),1637,-385,2,0008(brokerage business),1500,0,2,0008(brokerage business),1498,0
3,0253(brokerage business),1230,-94,3,0253(brokerage business),1364,-5,3,0253(brokerage business),1358,-11
4,0004(brokerage business),1134,78,4,0123(brokerage business),1323,-36,4,0139(brokerage business),1307,-30
5,0123(brokerage business),1010,64,5,0148(brokerage business),1274,59,5,0123(brokerage business),1294,-2
6,0008(brokerage business),720,-143,6,0163(brokerage business),1125,-10,6,0048(brokerage business),1128,12
7,0275(brokerage business),712,106,7,0048(brokerage business),1106,12,7,0004(brokerage business),1108,53
8,0257(brokerage business),703,-375,8,0009(brokerage business),1050,0,8,0009(brokerage business),1046,0
9,0096(brokerage business),443,-14,9,0139(brokerage business),978,-28,9,0272(brokerage business),1018,11
10,0048(brokerage business),400,-74,10,0137(brokerage business),919,8,10,0137(brokerage business),949,3
11,0148(brokerage business),386,7,11,0257(brokerage business),892,2,11,0096(brokerage business),899,-222
12,0139(brokerage business),228,69,12,0096(brokerage business),890,-217,12,0257(brokerage business),892,-1
13,0009(brokerage business),192,50,13,0275(brokerage business),850,6,13,0275(brokerage business),832,2
14,0161(brokerage business),169,42,14,0004(brokerage business),542,-45,14,0148(brokerage business),416,-23
15,0069(brokerage business),144,2,15,0299(brokerage business),486,-3,15,0153(brokerage business),271,18
16,0320(brokerage business),144,93,16,0034(brokerage business),443,-3,16,0163(brokerage business),250,-68
17,0272(brokerage business),132,-66,17,0276(brokerage business),150,-14,17,0069(brokerage business),228,111
18,0298(brokerage business),108,41,18,0082(brokerage business),136,25,18,0103(brokerage business),188,11
19,0058(brokerage business),103,-34,19,0268(brokerage business),136,5,19,0320(brokerage business),185,32
20,0169(brokerage business),101,-1,20,0067(brokerage business),96,-1,20,0018(brokerage business),182,-2
Total,,11674,-269,Total,,17074,-244,Total,,16823,-106
Member/OSP Type,Total Volume,Change from Previous Trading Day,Member/OSP Type,Total Long Position,Change from Previous Trading Day,Member/OSP Type,Total Short Position,Change from Previous Trading Day,,,
Contract Code：auall,,,,,,,2026-08-21,,,,
Name of FF Member/OSBP,839975,-63846,Name of FF Member/OSBP,349436,11682,Name of FF Member/OSBP,79797,4891,,,
Name of Non-FF Member/OSNBP,22561,-9516,Name of Non-FF Member/OSNBP,33191,-424,Name of Non-FF Member/OSNBP,302830,6367,,,
Ranking,Name of FF Member /OSBPs,Volume,Change from Previous Trading Day,Ranking,Name of FF Member /OSBPs,Long Position,Change from Previous Trading Day,Ranking,Name of FF Member /OSBPs,Short Position,Change from Previous Trading Day
Contract Code：au2610,,,,,,,,,,2026-08-21,
1,0004(brokerage business),131610,3561,1,0004(brokerage business),34250,1735,1,0004(brokerage business),10979,627
2,0148(brokerage business),70100,-8847,2,0148(brokerage business),16018,-52,2,0148(brokerage business),4489,1812
3,0163(brokerage business),55156,-1744,3,0272(brokerage business),9868,-230,3,0163(brokerage business),2756,302
4,0253(brokerage business),35531,-4766,4,0103(brokerage business),8850,548,4,0253(brokerage business),2537,-344
5,0308(brokerage business),32185,-3874,5,0163(brokerage business),8645,808,5,0240(brokerage business),2252,-71
6,0275(brokerage business),25915,-8448,6,0082(brokerage business),5857,-370,6,0001(brokerage business),2087,-61
7,0272(brokerage business),21264,-2133,7,0253(brokerage business),5409,117,7,0306(brokerage business),1967,-85
8,0240(brokerage business),14166,-403,8,0288(brokerage business),5226,-323,8,0272(brokerage business),1894,394
9,0268(brokerage business),13909,-493,9,0067(brokerage business),5030,234,9,0268(brokerage business),1837,64
10,0009(brokerage business),13898,-6279,10,0240(brokerage business),4748,103,10,0082(brokerage business),1263,-14
11,0034(brokerage business),13331,344,11,0034(brokerage business),4359,-4,11,0049(brokerage business),1138,-48
12,0081(brokerage business),11654,-145,12,0268(brokerage business),3872,119,12,0275(brokerage business),1110,-236
13,0372(brokerage business),11022,1130,13,0335(brokerage business),3778,92,13,0034(brokerage business),1091,-39
14,0123(brokerage business),9581,-2490,14,0042(brokerage business),3647,-322,14,0009(brokerage business),739,-66
15,0298(brokerage business),8944,-317,15,0161(brokerage business),3422,-57,15,0096(brokerage business),685,-31
16,0059(brokerage business),8750,-357,16,0081(brokerage business),2947,500,16,0058(brokerage business),680,-222
17,0077(brokerage business),8101,-544,17,0323(brokerage business),2925,94,17,0186(brokerage business),669,-198
18,0096(brokerage business),7948,-2083,18,0274(brokerage business),2511,-862,18,0288(brokerage business),581,-23
19,0103(brokerage business),7624,-1273,19,0096(brokerage business),2487,-167,19,0042(brokerage business),551,-76
20,0244(brokerage business),6617,607,20,0009(brokerage business),2400,210,20,0059(brokerage business),538,69
Total,,507306,-38554,Total,,136249,2173,Total,,39843,1754
Ranking,Name of FF Member /OSBPs,Volume,Change from Previous Trading Day,Ranking,Name of FF Member /OSBPs,Long Position,Change from Previous Trading Day,Ranking,Name of FF Member /OSBPs,Short Position,Change from Previous Trading Day
Contract Code：au2612,,,,,,,,,,2026-08-21,
1,0004(brokerage business),18875,345,1,0004(brokerage business),16175,-14,1,0148(brokerage business),2760,8
2,0148(brokerage business),16107,-1145,2,0148(brokerage business),13498,935,2,0025(brokerage business),1645,130
3,0253(brokerage business),13393,-1297,3,0163(brokerage business),7368,104,3,0096(brokerage business),1592,142
4,0308(brokerage business),8482,-704,4,0253(brokerage business),5230,1841,4,0268(brokerage business),1137,23
5,0163(brokerage business),8262,-1464,5,0103(brokerage business),4240,401,5,0089(brokerage business),822,7
6,0009(brokerage business),4804,-2610,6,0240(brokerage business),3373,12,6,0004(brokerage business),634,1
7,0275(brokerage business),4255,-1947,7,0082(brokerage business),3138,254,7,0009(brokerage business),626,-10
8,0059(brokerage business),3641,-623,8,0067(brokerage business),2781,79,8,0049(brokerage business),621,19
9,0272(brokerage business),2961,431,9,0272(brokerage business),2419,-248,9,0034(brokerage business),534,12
10,0081(brokerage business),2627,471,10,0003(brokerage business),2414,41,10,0372(brokerage business),432,1
11,0268(brokerage business),2357,1644,11,0274(brokerage business),2154,186,11,0052(brokerage business),420,0
12,0096(brokerage business),2036,-787,12,0123(brokerage business),1941,42,12,0001(brokerage business),381,-144
13,0123(brokerage business),1706,-663,13,0239(brokerage business),1936,508,13,0042(brokerage business),353,2
14,0240(brokerage business),1562,-950,14,0288(brokerage business),1850,27,14,0163(brokerage business),335,-8
15,0311(brokerage business),1335,320,15,0268(brokerage business),1790,98,15,0272(brokerage business),284,-35
16,0103(brokerage business),1306,-1025,16,0096(brokerage business),1685,-90,16,0139(brokerage business),233,49
17,0001(brokerage business),1048,159,17,0323(brokerage business),1677,349,17,0276(brokerage business),210,0
18,0418(brokerage business),940,320,18,0349(brokerage business),1593,2,18,0059(brokerage business),179,-36
19,0058(brokerage business),860,-97,19,0308(brokerage business),1473,-61,19,0327(brokerage business),169,-3
20,0161(brokerage business),811,-441,20,0069(brokerage business),1431,-6,20,0253(brokerage business),154,18
Total,,97368,-10063,Total,,78166,4460,Total,,13521,176
Ranking,Name of FF Member /OSBPs,Volume,Change from Previous Trading Day,Ranking,Name of FF Member /OSBPs,Long Position,Change from Previous Trading Day,Ranking,Name of FF Member /OSBPs,Short Position,Change from Previous Trading Day
Contract Code：au2702,,,,,,,,,,2026-08-21,
1,0148(brokerage business),8033,-314,1,0148(brokerage business),2752,169,1,0323(brokerage business),1033,1005
2,0004(brokerage business),7055,-267,2,0004(brokerage business),1206,276,2,0004(brokerage business),147,-197
3,0253(brokerage business),4292,-135,3,0323(brokerage business),1116,983,3,0042(brokerage business),122,-9
4,0163(brokerage business),2542,-466,4,0067(brokerage business),1097,4,4,0148(brokerage business),83,2
5,0323(brokerage business),2098,1940,5,0163(brokerage business),982,39,5,0239(brokerage business),73,21
6,0081(brokerage business),1684,115,6,0123(brokerage business),513,-2,6,0169(brokerage business),61,24
7,0275(brokerage business),1407,-575,7,0253(brokerage business),491,161,7,0272(brokerage business),43,-39
8,0009(brokerage business),1360,-192,8,0272(brokerage business),311,103,8,0163(brokerage business),42,5
9,0308(brokerage business),1291,-150,9,0103(brokerage business),308,0,9,0058(brokerage business),37,-10
10,0059(brokerage business),1013,41,10,0009(brokerage business),248,3,10,0268(brokerage business),36,-4
11,0240(brokerage business),694,-456,11,0268(brokerage business),247,-5,11,0253(brokerage business),32,-13
12,0272(brokerage business),508,82,12,0288(brokerage business),245,19,12,0240(brokerage business),31,-2
13,0161(brokerage business),471,0,13,0116(brokerage business),197,2,13,0333(brokerage business),31,-6
14,0123(brokerage business),272,-780,14,0240(brokerage business),191,16,14,0372(brokerage business),31,0
15,0007(brokerage business),265,-18,15,0161(brokerage business),190,40,15,0096(brokerage business),30,2
16,0238(brokerage business),259,19,16,0018(brokerage business),178,2,16,0007(brokerage business),25,1
17,0096(brokerage business),217,-46,17,0308(brokerage business),175,53,17,0081(brokerage business),25,3
18,0268(brokerage business),191,31,18,0081(brokerage business),159,33,18,0009(brokerage business),22,3
19,0137(brokerage business),179,123,19,0034(brokerage business),155,9,19,0077(brokerage business),21,0
20,0271(brokerage business),168,125,20,0311(brokerage business),144,20,20,0308(brokerage business),19,6
Total,,33999,-923,Total,,10905,1925,Total,,1944,792
Member/OSP Type,Total Volume,Change from Previous Trading Day,Member/OSP Type,Total Long Position,Change from Previous Trading Day,Member/OSP Type,Total Short Position,Change from Previous Trading Day,,,
Contract Code：agall,,,,,,,2026-08-21,,,,
Name of FF Member/OSBP,2416557,28209,Name of FF Member/OSBP,535510,18524,Name of FF Member/OSBP,385458,16681,,,
Name of Non-FF Member/OSNBP,9745,-1263,Name of Non-FF Member/OSNBP,35002,491,Name of Non-FF Member/OSNBP,185054,2334,,,
Ranking,Name of FF Member /OSBPs,Volume,Change from Previous Trading Day,Ranking,Name of FF Member /OSBPs,Long Position,Change from Previous Trading Day,Ranking,Name of FF Member /OSBPs,Short Position,Change from Previous Trading Day
Contract Code：ag2610,,,,,,,,,,2026-08-21,
1,0004(brokerage business),193513,-11368,1,0004(brokerage business),31972,54,1,0148(brokerage business),26721,-923
2,0148(brokerage business),150744,9831,2,0148(brokerage business),22716,479,2,0004(brokerage business),24281,832
3,0163(brokerage business),76250,-2777,3,0272(brokerage business),16880,421,3,0137(brokerage business),11850,41
4,0275(brokerage business),72746,1360,4,0163(brokerage business),12316,-1030,4,0272(brokerage business),11509,163
5,0240(brokerage business),64323,-3092,5,0253(brokerage business),9751,104,5,0049(brokerage business),10696,118
6,0308(brokerage business),52587,1625,6,0288(brokerage business),9114,390,6,0163(brokerage business),10412,968
7,0253(brokerage business),52124,-1526,7,0240(brokerage business),8413,14,7,0372(brokerage business),9077,170
8,0272(brokerage business),49668,6382,8,0034(brokerage business),7754,1225,8,0253(brokerage business),6901,518
9,0034(brokerage business),43017,2725,9,0323(brokerage business),7584,247,9,0034(brokerage business),5517,418
10,0268(brokerage business),39294,4414,10,0082(brokerage business),7535,-1192,10,0001(brokerage business),5437,614
11,0081(brokerage business),32516,-1256,11,0067(brokerage business),6937,295,11,0006(brokerage business),5188,2
12,0186(brokerage business),31798,431,12,0103(brokerage business),6859,528,12,0042(brokerage business),4777,-286
13,0298(brokerage business),31539,620,13,0042(brokerage business),5977,568,13,0240(brokerage business),4625,743
14,0059(brokerage business),28274,-2166,14,0268(brokerage business),5911,215,14,0123(brokerage business),4310,-399
15,0288(brokerage business),21418,1891,15,0009(brokerage business),4723,489,15,0096(brokerage business),4124,-23
16,0103(brokerage business),19022,2905,16,0161(brokerage business),4687,46,16,0315(brokerage business),3972,124
17,0123(brokerage business),18308,-486,17,0049(brokerage business),4291,-277,17,0288(brokerage business),3122,-30
18,0009(brokerage business),17693,-495,18,0069(brokerage business),4072,63,18,0275(brokerage business),2940,610
19,0323(brokerage business),17513,-971,19,0308(brokerage business),3779,226,19,0298(brokerage business),2549,209
20,0137(brokerage business),17144,1238,20,0123(brokerage business),3346,157,20,0239(brokerage business),2281,23
Total,,1029491,9285,Total,,184617,3022,Total,,160289,3892
Ranking,Name of FF Member /OSBPs,Volume,Change from Previous Trading Day,Ranking,Name of FF Member /OSBPs,Long Position,Change from Previous Trading Day,Ranking,Name of FF Member /OSBPs,Short Position,Change from Previous Trading Day
Contract Code：ag2612,,,,,,,,,,2026-08-21,
1,0004(brokerage business),30107,-2225,1,0004(brokerage business),11229,82,1,0148(brokerage business),26179,909
2,0148(brokerage business),24014,-2419,2,0082(brokerage business),11125,504,2,0004(brokerage business),6534,-39
3,0275(brokerage business),19420,-1499,3,0272(brokerage business),8546,119,3,0049(brokerage business),5178,-54
4,0163(brokerage business),11948,-1034,4,0163(brokerage business),7981,690,4,0025(brokerage business),3823,86
5,0240(brokerage business),9755,-538,5,0049(brokerage business),7715,26,5,0163(brokerage business),3598,154
6,0308(brokerage business),9644,636,6,0148(brokerage business),6312,-147,6,0034(brokerage business),3479,-62
7,0253(brokerage business),9303,-689,7,0025(brokerage business),4906,-74,7,0272(brokerage business),2697,46
8,0123(brokerage business),8144,-764,8,0103(brokerage business),4860,705,8,0103(brokerage business),2282,346
9,0034(brokerage business),7570,1650,9,0323(brokerage business),4454,-8,9,0009(brokerage business),2278,-135
10,0272(brokerage business),6739,35,10,0268(brokerage business),4349,163,10,0139(brokerage business),2198,8
11,0059(brokerage business),6139,-1211,11,0043(brokerage business),3945,12,11,0082(brokerage business),2039,-31
12,0268(brokerage business),5102,-171,12,0253(brokerage business),3622,45,12,0042(brokerage business),2013,39
13,0001(brokerage business),4535,2841,13,0067(brokerage business),3555,-78,13,0274(brokerage business),1955,22
14,0009(brokerage business),4404,-721,14,0042(brokerage business),3202,318,14,0048(brokerage business),1913,-10
15,0096(brokerage business),3763,-430,15,0288(brokerage business),3192,169,15,0315(brokerage business),1486,-5
16,0081(brokerage business),3220,-153,16,0240(brokerage business),2736,27,16,0096(brokerage business),1454,-8
17,0049(brokerage business),3036,858,17,0034(brokerage business),2258,-108,17,0240(brokerage business),1285,212
18,0288(brokerage business),2740,703,18,0003(brokerage business),1854,-4,18,0069(brokerage business),1256,176
19,0137(brokerage business),2695,-1674,19,0096(brokerage business),1810,123,19,0288(brokerage business),1244,-109
20,0103(brokerage business),2351,666,20,0275(brokerage business),1523,49,20,0059(brokerage business),1226,624
Total,,174629,-6139,Total,,99174,2613,Total,,74117,2169
Ranking,Name of FF Member /OSBPs,Volume,Change from Previous Trading Day,Ranking,Name of FF Member /OSBPs,Long Position,Change from Previous Trading Day,Ranking,Name of FF Member /OSBPs,Short Position,Change from Previous Trading Day
Contract Code：ag2702,,,,,,,,,,2026-08-21,
1,0148(brokerage business),40460,4499,1,0043(brokerage business),3349,13,1,0148(brokerage business),8478,166
2,0163(brokerage business),39785,-3565,2,0323(brokerage business),3121,71,2,0163(brokerage business),2986,530
3,0004(brokerage business),38099,-8532,3,0148(brokerage business),2623,-10,3,0272(brokerage business),1967,59
4,0275(brokerage business),25306,3964,4,0082(brokerage business),2233,7,4,0042(brokerage business),1854,73
5,0308(brokerage business),17172,4518,5,0163(brokerage business),1928,257,5,0049(brokerage business),1579,2
6,0240(brokerage business),14588,-2386,6,0004(brokerage business),1796,248,6,0004(brokerage business),1347,97
7,0253(brokerage business),14309,-1661,7,0067(brokerage business),1398,33,7,0069(brokerage business),1052,47
8,0272(brokerage business),12226,3632,8,0049(brokerage business),975,9,8,0009(brokerage business),802,5
9,0081(brokerage business),10782,2156,9,0151(brokerage business),909,815,9,0315(brokerage business),596,-1
10,0123(brokerage business),9724,-374,10,0333(brokerage business),908,-13,10,0137(brokerage business),425,-68
11,0009(brokerage business),8406,-5192,11,0137(brokerage business),792,8,11,0240(brokerage business),376,-242
12,0298(brokerage business),7262,626,12,0240(brokerage business),791,174,12,0034(brokerage business),354,38
13,0137(brokerage business),6486,1202,13,0123(brokerage business),790,-7,13,0253(brokerage business),353,82
14,0186(brokerage business),6112,1092,14,0272(brokerage business),711,141,14,0268(brokerage business),297,51
15,0268(brokerage business),4665,823,15,0298(brokerage business),581,288,15,0298(brokerage business),230,20
16,0059(brokerage business),4610,-163,16,0088(brokerage business),544,-59,16,0096(brokerage business),229,38
17,0096(brokerage business),4444,214,17,0253(brokerage business),527,-17,17,0103(brokerage business),223,42
18,0161(brokerage business),3926,842,18,0275(brokerage business),483,92,18,0121(brokerage business),208,1
19,0043(brokerage business),3072,339,19,0034(brokerage business),457,-144,19,0308(brokerage business),179,18
20,0238(brokerage business),2791,-146,20,0268(brokerage business),419,8,20,0059(brokerage business),157,-29
Total,,274225,1888,Total,,25335,1914,Total,,23692,929
Member/OSP Type,Total Volume,Change from Previous Trading Day,Member/OSP Type,Total Long Position,Change from Previous Trading Day,Member/OSP Type,Total Short Position,Change from Previous Trading Day,,,
Contract Code：rball,,,,,,,2026-08-21,,,,
Name of FF Member/OSBP,2415328,-184216,Name of FF Member/OSBP,3089279,-85791,Name of FF Member/OSBP,3089279,-85791,,,
Name of Non-FF Member/OSNBP,0,0,Name of Non-FF Member/OSNBP,0,0,Name of Non-FF Member/OSNBP,0,0,,,
Ranking,Name of FF Member /OSBPs,Volume,Change from Previous Trading Day,Ranking,Name of FF Member /OSBPs,Long Position,Change from Previous Trading Day,Ranking,Name of FF Member /OSBPs,Short Position,Change from Previous Trading Day
Contract Code：rb2609,,,,,,,,,,2026-08-21,
1,0163(brokerage business),3481,-2033,1,0240(brokerage business),2499,-159,1,0059(brokerage business),2094,-264
2,0004(brokerage business),1146,-1639,2,0004(brokerage business),2343,-174,2,0019(brokerage business),2068,-53
3,0148(brokerage business),935,-2948,3,0148(brokerage business),1589,-687,3,0004(brokerage business),1421,-4
4,0059(brokerage business),684,82,4,0159(brokerage business),1354,652,4,0349(brokerage business),1320,0
5,0159(brokerage business),652,-34,5,0349(brokerage business),1317,0,5,0163(brokerage business),1202,178
6,0123(brokerage business),647,523,6,0275(brokerage business),910,-39,6,0103(brokerage business),1087,-119
7,0082(brokerage business),567,-967,7,0252(brokerage business),805,0,7,0323(brokerage business),885,-131
8,0253(brokerage business),523,-1100,8,0163(brokerage business),724,-135,8,0252(brokerage business),805,-9
9,0272(brokerage business),523,-275,9,0067(brokerage business),604,0,9,0007(brokerage business),777,-131
10,0081(brokerage business),486,-509,10,0103(brokerage business),562,78,10,0277(brokerage business),636,-65
11,0096(brokerage business),399,-472,11,0022(brokerage business),500,0,11,0034(brokerage business),532,77
12,0103(brokerage business),249,-1198,12,0096(brokerage business),413,19,12,0069(brokerage business),438,2
13,0240(brokerage business),222,-497,13,0003(brokerage business),371,0,13,0275(brokerage business),433,-13
14,0271(brokerage business),208,198,14,0125(brokerage business),352,-1,14,0137(brokerage business),412,-2
15,0019(brokerage business),201,71,15,0069(brokerage business),308,-11,15,0253(brokerage business),411,-96
16,0275(brokerage business),198,-735,16,0029(brokerage business),244,-107,16,0077(brokerage business),353,3
17,0171(brokerage business),191,166,17,0048(brokerage business),231,76,17,0274(brokerage business),332,1
18,0323(brokerage business),181,-40,18,0308(brokerage business),227,0,18,0299(brokerage business),285,0
19,0069(brokerage business),177,-441,19,0123(brokerage business),213,-3,19,0272(brokerage business),260,-10
20,0034(brokerage business),166,151,20,0253(brokerage business),213,3,20,0178(brokerage business),249,-2
Total,,11836,-11697,Total,,15779,-488,Total,,16000,-638
Ranking,Name of FF Member /OSBPs,Volume,Change from Previous Trading Day,Ranking,Name of FF Member /OSBPs,Long Position,Change from Previous Trading Day,Ranking,Name of FF Member /OSBPs,Short Position,Change from Previous Trading Day
Contract Code：rb2610,,,,,,,,,,2026-08-21,
1,0163(brokerage business),240788,-29817,1,0004(brokerage business),194027,-9434,1,0004(brokerage business),162562,-12973
2,0148(brokerage business),236110,-14626,2,0148(brokerage business),121193,-23867,2,0148(brokerage business),137343,-27045
3,0004(brokerage business),178362,-24335,3,0103(brokerage business),91426,-5544,3,0163(brokerage business),103592,-6813
4,0253(brokerage business),83826,-9291,4,0034(brokerage business),68294,-4157,4,0239(brokerage business),97309,-21474
5,0275(brokerage business),62304,-7258,5,0163(brokerage business),67752,-18500,5,0103(brokerage business),75470,-2935
6,0272(brokerage business),56722,-18728,6,0253(brokerage business),62693,860,6,0272(brokerage business),74846,-3471
7,0103(brokerage business),56413,11450,7,0272(brokerage business),60493,-3379,7,0253(brokerage business),67737,-5802
8,0240(brokerage business),44524,2963,8,0059(brokerage business),42344,-2314,8,0082(brokerage business),50488,-498
9,0059(brokerage business),34018,-14153,9,0274(brokerage business),35730,-5364,9,0042(brokerage business),47631,-4658
10,0268(brokerage business),31977,5523,10,0268(brokerage business),31799,-7106,10,0275(brokerage business),47481,2499
11,0034(brokerage business),28880,-1510,11,0009(brokerage business),31378,-3292,11,0335(brokerage business),45797,-5843
12,0239(brokerage business),24642,-32,12,0069(brokerage business),30092,-711,12,0034(brokerage business),44926,-1191
13,0081(brokerage business),19258,2902,13,0275(brokerage business),28521,-2879,13,0084(brokerage business),42351,-2907
14,0186(brokerage business),19130,985,14,0125(brokerage business),27712,-2025,14,0059(brokerage business),38685,-10728
15,0123(brokerage business),18420,2389,15,0186(brokerage business),26998,-1799,15,0274(brokerage business),38036,2231
16,0042(brokerage business),17050,1693,16,0058(brokerage business),26351,-2237,16,0136(brokerage business),37923,-422
17,0274(brokerage business),16689,-4673,17,0277(brokerage business),25293,-906,17,0007(brokerage business),33427,2681
18,0259(brokerage business),16600,1087,18,0081(brokerage business),24080,-622,18,0240(brokerage business),24315,-1109
19,0335(brokerage business),14711,-14568,19,0082(brokerage business),22991,-1396,19,0277(brokerage business),23929,549
20,0288(brokerage business),14028,3803,20,0178(brokerage business),21735,-103,20,0096(brokerage business),20422,1837
Total,,1214452,-106196,Total,,1040902,-94775,Total,,1214270,-98072
Ranking,Name of FF Member /OSBPs,Volume,Change from Previous Trading Day,Ranking,Name of FF Member /OSBPs,Long Position,Change from Previous Trading Day,Ranking,Name of FF Member /OSBPs,Short Position,Change from Previous Trading Day
Contract Code：rb2611,,,,,,,,,,2026-08-21,
1,0163(brokerage business),14240,-6194,1,0323(brokerage business),52871,1,1,0323(brokerage business),53136,-2
2,0148(brokerage business),9412,960,2,0004(brokerage business),32587,-33,2,0148(brokerage business),33274,191
3,0253(brokerage business),8086,-1479,3,0163(brokerage business),30599,-549,3,0163(brokerage business),32626,-23
4,0004(brokerage business),3514,746,4,0253(brokerage business),28344,758,4,0004(brokerage business),31204,-59
5,0268(brokerage business),2818,16,5,0148(brokerage business),27402,-135,5,0253(brokerage business),28701,474
6,0096(brokerage business),2624,842,6,0151(brokerage business),24553,47,6,0151(brokerage business),24433,58
7,0139(brokerage business),1968,-328,7,0081(brokerage business),18045,-19,7,0081(brokerage business),18182,-23
8,0272(brokerage business),1733,436,8,0082(brokerage business),16137,-5,8,0103(brokerage business),16858,-603
9,0171(brokerage business),1621,1461,9,0272(brokerage business),15973,-363,9,0272(brokerage business),16510,-670
10,0151(brokerage business),1615,-377,10,0268(brokerage business),15731,-94,10,0082(brokerage business),16198,148
11,0081(brokerage business),1346,-649,11,0069(brokerage business),15655,16,11,0069(brokerage business),15948,21
12,0123(brokerage business),1319,1216,12,0103(brokerage business),14622,-244,12,0268(brokerage business),14907,40
13,0069(brokerage business),1237,-853,13,0139(brokerage business),14622,49,13,0139(brokerage business),14572,-21
14,0034(brokerage business),1148,594,14,0096(brokerage business),4198,-25,14,0096(brokerage business),5319,-701
15,0103(brokerage business),963,-718,15,0275(brokerage business),4116,67,15,0244(brokerage business),3961,8
16,0275(brokerage business),925,-2771,16,0244(brokerage business),4007,-13,16,0019(brokerage business),3279,147
17,0082(brokerage business),793,109,17,0019(brokerage business),3403,51,17,0178(brokerage business),3141,151
18,0259(brokerage business),743,-291,18,0058(brokerage business),3184,-2,18,0123(brokerage business),3090,113
19,0323(brokerage business),611,48,19,0077(brokerage business),2314,-25,19,0161(brokerage business),2794,12
20,0277(brokerage business),598,598,20,0177(brokerage business),2247,-308,20,0275(brokerage business),2468,-12
Total,,57314,-6634,Total,,330610,-826,Total,,340601,-751
Ranking,Name of FF Member /OSBPs,Volume,Change from Previous Trading Day,Ranking,Name of FF Member /OSBPs,Long Position,Change from Previous Trading Day,Ranking,Name of FF Member /OSBPs,Short Position,Change from Previous Trading Day
Contract Code：rb2701,,,,,,,,,,2026-08-21,
1,0148(brokerage business),107848,8319,1,0148(brokerage business),134594,28520,1,0004(brokerage business),101822,8887
2,0163(brokerage business),81293,-1485,2,0004(brokerage business),67622,6923,2,0239(brokerage business),57986,11251
3,0004(brokerage business),75526,4288,3,0103(brokerage business),62579,3668,3,0103(brokerage business),50522,1045
4,0103(brokerage business),34305,16866,4,0163(brokerage business),44257,1733,4,0274(brokerage business),34624,2
5,0034(brokerage business),27757,13246,5,0034(brokerage business),40236,3788,5,0163(brokerage business),32813,6046
6,0123(brokerage business),27564,13396,6,0253(brokerage business),32512,-167,6,0084(brokerage business),32619,2836
7,0253(brokerage business),26613,-12782,7,0272(brokerage business),29736,1405,7,0148(brokerage business),22915,170
8,0275(brokerage business),23722,-8223,8,0274(brokerage business),25177,-205,8,0277(brokerage business),21382,22
9,0259(brokerage business),13966,-4205,9,0042(brokerage business),23256,-1765,9,0275(brokerage business),21320,1937
10,0239(brokerage business),13945,-1021,10,0123(brokerage business),22350,-33,10,0007(brokerage business),20183,1447
11,0042(brokerage business),11928,7105,11,0096(brokerage business),21536,208,11,0184(brokerage business),18924,959
12,0272(brokerage business),11721,155,12,0238(brokerage business),19830,200,12,0123(brokerage business),18466,-7339
13,0059(brokerage business),11231,5234,13,0275(brokerage business),16102,-163,13,0335(brokerage business),18177,-1350
14,0096(brokerage business),9782,3296,14,0153(brokerage business),12807,-300,14,0034(brokerage business),16556,-593
15,0240(brokerage business),7240,2490,15,0009(brokerage business),12570,-177,15,0003(brokerage business),15616,264
16,0067(brokerage business),6995,3077,16,0019(brokerage business),11488,714,16,0272(brokerage business),15424,910
17,0069(brokerage business),6751,1791,17,0151(brokerage business),11046,-186,17,0058(brokerage business),15258,1427
18,0268(brokerage business),6363,304,18,0125(brokerage business),10952,1102,18,0253(brokerage business),14393,-768
19,0186(brokerage business),6044,-265,19,0137(brokerage business),10149,-903,19,0059(brokerage business),13374,-2037
20,0125(brokerage business),5969,4581,20,0306(brokerage business),10119,-41,20,0042(brokerage business),12662,-3999
Total,,516563,56167,Total,,618918,44321,Total,,555036,21117
Ranking,Name of FF Member /OSBPs,Volume,Change from Previous Trading Day,Ranking,Name of FF Member /OSBPs,Long Position,Change from Previous Trading Day,Ranking,Name of FF Member /OSBPs,Short Position,Change from Previous Trading Day
Contract Code：rb2703,,,,,,,,,,2026-08-21,
1,0163(brokerage business),8483,-6021,1,0323(brokerage business),18684,1306,1,0323(brokerage business),18616,1285
2,0323(brokerage business),2603,-189,2,0163(brokerage business),11944,-55,2,0163(brokerage business),11858,86
3,0148(brokerage business),2590,-372,3,0004(brokerage business),8242,487,3,0004(brokerage business),8294,399
4,0272(brokerage business),1605,682,4,0253(brokerage business),8214,315,4,0103(brokerage business),8270,388
5,0096(brokerage business),1350,-181,5,0082(brokerage business),8082,160,5,0253(brokerage business),8149,301
6,0253(brokerage business),1202,-1118,6,0103(brokerage business),8034,369,6,0082(brokerage business),8137,184
7,0004(brokerage business),1200,-327,7,0268(brokerage business),7639,-139,7,0268(brokerage business),7540,38
8,0268(brokerage business),1155,-518,8,0151(brokerage business),7435,443,8,0151(brokerage business),7421,436
9,0151(brokerage business),887,-211,9,0148(brokerage business),7147,422,9,0148(brokerage business),6774,54
10,0103(brokerage business),847,-961,10,0096(brokerage business),6723,675,10,0096(brokerage business),6764,673
11,0081(brokerage business),720,-430,11,0139(brokerage business),5782,290,11,0139(brokerage business),5732,290
12,0139(brokerage business),580,-898,12,0272(brokerage business),5136,-42,12,0272(brokerage business),5136,359
13,0138(brokerage business),500,500,13,0081(brokerage business),4945,138,13,0081(brokerage business),4903,114
14,0275(brokerage business),493,-12,14,0069(brokerage business),4544,133,14,0069(brokerage business),4497,121
15,0069(brokerage business),430,-1052,15,0138(brokerage business),3254,250,15,0138(brokerage business),3250,250
16,0385(brokerage business),410,-10,16,0254(brokerage business),610,200,16,0274(brokerage business),786,0
17,0254(brokerage business),400,-140,17,0275(brokerage business),582,-13,17,0254(brokerage business),611,200
18,0082(brokerage business),354,60,18,0034(brokerage business),563,-13,18,0263(brokerage business),469,0
19,0308(brokerage business),335,-6,19,0240(brokerage business),122,36,19,0084(brokerage business),400,0
20,0153(brokerage business),206,153,20,0136(brokerage business),92,10,20,0007(brokerage business),362,8
Total,,26350,-11051,Total,,117774,4972,Total,,117969,5186
Member/OSP Type,Total Volume,Change from Previous Trading Day,Member/OSP Type,Total Long Position,Change from Previous Trading Day,Member/OSP Type,Total Short Position,Change from Previous Trading Day,,,
Contract Code：hcall,,,,,,,2026-08-21,,,,
Name of FF Member/OSBP,972338,-33168,Name of FF Member/OSBP,2021277,11059,Name of FF Member/OSBP,2021277,11059,,,
Name of Non-FF Member/OSNBP,0,0,Name of Non-FF Member/OSNBP,0,0,Name of Non-FF Member/OSNBP,0,0,,,
Ranking,Name of FF Member /OSBPs,Volume,Change from Previous Trading Day,Ranking,Name of FF Member /OSBPs,Long Position,Change from Previous Trading Day,Ranking,Name of FF Member /OSBPs,Short Position,Change from Previous Trading Day
Contract Code：hc2609,,,,,,,,,,2026-08-21,
1,0163(brokerage business),1437,-144,1,0125(brokerage business),1470,419,1,0004(brokerage business),2127,-265
2,0004(brokerage business),595,-133,2,0274(brokerage business),1415,-89,2,0159(brokerage business),1616,229
3,0268(brokerage business),508,-353,3,0163(brokerage business),1227,-9,3,0274(brokerage business),1390,-110
4,0125(brokerage business),419,119,4,0004(brokerage business),1135,-136,4,0240(brokerage business),950,-4
5,0161(brokerage business),295,-354,5,0076(brokerage business),750,0,5,0008(brokerage business),795,-30
6,0159(brokerage business),229,-276,6,0151(brokerage business),699,116,6,0171(brokerage business),660,0
7,0096(brokerage business),214,21,7,0272(brokerage business),699,-22,7,0022(brokerage business),500,0
8,0274(brokerage business),199,199,8,0137(brokerage business),436,-2,8,0137(brokerage business),418,0
9,0151(brokerage business),158,138,9,0148(brokerage business),426,-2,9,0077(brokerage business),378,0
10,0103(brokerage business),109,95,10,0161(brokerage business),195,-4,10,0042(brokerage business),300,66
11,0042(brokerage business),66,64,11,0338(brokerage business),156,0,11,0067(brokerage business),180,0
12,0238(brokerage business),51,-2,12,0081(brokerage business),155,-1,12,0148(brokerage business),167,0
13,0148(brokerage business),38,-106,13,0253(brokerage business),147,-23,13,0163(brokerage business),145,2
14,0058(brokerage business),36,12,14,0103(brokerage business),134,-9,14,0253(brokerage business),126,-3
15,0323(brokerage business),33,32,15,0069(brokerage business),125,0,15,0096(brokerage business),120,0
16,0139(brokerage business),32,-860,16,0275(brokerage business),100,-8,16,0103(brokerage business),120,0
17,0008(brokerage business),30,-270,17,0043(brokerage business),92,0,17,0272(brokerage business),71,0
18,0253(brokerage business),28,-130,18,0014(brokerage business),84,0,18,0019(brokerage business),60,0
19,0257(brokerage business),26,26,19,0157(brokerage business),82,0,19,0268(brokerage business),54,6
20,0271(brokerage business),25,25,20,0308(brokerage business),77,-1,20,0275(brokerage business),48,0
Total,,4528,-1897,Total,,9604,229,Total,,10225,-109
Ranking,Name of FF Member /OSBPs,Volume,Change from Previous Trading Day,Ranking,Name of FF Member /OSBPs,Long Position,Change from Previous Trading Day,Ranking,Name of FF Member /OSBPs,Short Position,Change from Previous Trading Day
Contract Code：hc2610,,,,,,,,,,2026-08-21,
1,0163(brokerage business),79739,-8800,1,0004(brokerage business),187432,-1208,1,0004(brokerage business),133027,-8046
2,0148(brokerage business),71947,2243,2,0103(brokerage business),62186,-691,2,0148(brokerage business),131961,36
3,0004(brokerage business),71670,-12793,3,0042(brokerage business),57871,-3367,3,0272(brokerage business),55789,-1077
4,0253(brokerage business),32486,-2864,4,0148(brokerage business),57540,-8463,4,0239(brokerage business),50298,-11280
5,0275(brokerage business),24828,113,5,0163(brokerage business),57340,-6156,5,0058(brokerage business),45874,-615
6,0272(brokerage business),21107,-1872,6,0009(brokerage business),44943,-192,6,0163(brokerage business),42087,-1005
7,0103(brokerage business),19188,2650,7,0272(brokerage business),40571,-812,7,0259(brokerage business),41146,-1339
8,0239(brokerage business),15266,-1879,8,0253(brokerage business),31673,-1466,8,0275(brokerage business),38291,-1719
9,0034(brokerage business),14327,3456,9,0059(brokerage business),28611,968,9,0253(brokerage business),29246,-322
10,0323(brokerage business),13959,9132,10,0034(brokerage business),26347,72,10,0103(brokerage business),28177,-2935
11,0081(brokerage business),10858,-322,11,0275(brokerage business),25970,-1059,11,0335(brokerage business),23826,565
12,0372(brokerage business),10777,6809,12,0125(brokerage business),23694,-1328,12,0059(brokerage business),19499,-4002
13,0059(brokerage business),10158,1434,13,0058(brokerage business),23621,-3126,13,0042(brokerage business),19385,-187
14,0259(brokerage business),7922,-1405,14,0123(brokerage business),23182,-698,14,0034(brokerage business),19327,-4339
15,0096(brokerage business),7892,2957,15,0081(brokerage business),20207,127,15,0137(brokerage business),18593,-251
16,0042(brokerage business),6786,891,16,0019(brokerage business),19436,324,16,0019(brokerage business),17563,145
17,0058(brokerage business),6589,1155,17,0268(brokerage business),16067,1390,17,0125(brokerage business),17421,-409
18,0335(brokerage business),6533,-4231,18,0277(brokerage business),12453,-445,18,0153(brokerage business),16406,61
19,0331(brokerage business),6530,2011,19,0288(brokerage business),11056,-528,19,0082(brokerage business),16214,-786
20,0125(brokerage business),6521,2035,20,0003(brokerage business),10869,-508,20,0123(brokerage business),15577,-1822
Total,,445083,720,Total,,781069,-27166,Total,,779707,-39327
Ranking,Name of FF Member /OSBPs,Volume,Change from Previous Trading Day,Ranking,Name of FF Member /OSBPs,Long Position,Change from Previous Trading Day,Ranking,Name of FF Member /OSBPs,Short Position,Change from Previous Trading Day
Contract Code：hc2611,,,,,,,,,,2026-08-21,
1,0253(brokerage business),10715,-4006,1,0148(brokerage business),46711,44,1,0323(brokerage business),46727,-45
2,0103(brokerage business),10296,4333,2,0323(brokerage business),46665,8,2,0240(brokerage business),34566,-323
3,0163(brokerage business),8782,-2987,3,0240(brokerage business),33001,-474,3,0148(brokerage business),30397,-27
4,0148(brokerage business),8671,-1091,4,0268(brokerage business),26499,16,4,0004(brokerage business),26716,-99
5,0275(brokerage business),6298,5611,5,0178(brokerage business),26403,145,5,0268(brokerage business),26520,11
6,0081(brokerage business),3829,385,6,0004(brokerage business),26007,94,6,0081(brokerage business),24041,-7
7,0268(brokerage business),3687,-531,7,0081(brokerage business),23707,-2,7,0178(brokerage business),22801,-3
8,0048(brokerage business),3538,1178,8,0161(brokerage business),22112,39,8,0161(brokerage business),22031,-2
9,0240(brokerage business),3247,-670,9,0048(brokerage business),22001,-6,9,0048(brokerage business),22029,-10
10,0123(brokerage business),3040,2531,10,0139(brokerage business),20002,1,10,0139(brokerage business),19713,-8
11,0004(brokerage business),2731,-502,11,0253(brokerage business),19764,-212,11,0253(brokerage business),19636,3
12,0034(brokerage business),2019,1503,12,0137(brokerage business),14006,38,12,0137(brokerage business),14830,-36
13,0178(brokerage business),1836,-979,13,0103(brokerage business),12421,-195,13,0103(brokerage business),11134,-419
14,0139(brokerage business),1547,221,14,0019(brokerage business),7547,-11,14,0019(brokerage business),7586,27
15,0161(brokerage business),1293,665,15,0077(brokerage business),2433,-4,15,0084(brokerage business),4068,-939
16,0125(brokerage business),1160,340,16,0151(brokerage business),1911,223,16,0042(brokerage business),3144,0
17,0008(brokerage business),1005,56,17,0034(brokerage business),1807,1001,17,0008(brokerage business),2761,105
18,0084(brokerage business),940,940,18,0115(brokerage business),1750,0,18,0077(brokerage business),2465,-13
19,0312(brokerage business),868,443,19,0134(brokerage business),1538,0,19,0171(brokerage business),2101,0
20,0137(brokerage business),690,-254,20,0254(brokerage business),1109,0,20,0034(brokerage business),2060,1000
Total,,76192,7186,Total,,357394,705,Total,,345326,-785
Ranking,Name of FF Member /OSBPs,Volume,Change from Previous Trading Day,Ranking,Name of FF Member /OSBPs,Long Position,Change from Previous Trading Day,Ranking,Name of FF Member /OSBPs,Short Position,Change from Previous Trading Day
Contract Code：hc2701,,,,,,,,,,2026-08-21,
1,0004(brokerage business),47136,-3310,1,0042(brokerage business),94302,8285,1,0004(brokerage business),89006,13105
2,0163(brokerage business),38103,-13356,2,0004(brokerage business),91201,14625,2,0163(brokerage business),42753,3369
3,0148(brokerage business),36278,7800,3,0148(brokerage business),45247,9232,3,0058(brokerage business),28360,1802
4,0275(brokerage business),15078,1051,4,0163(brokerage business),35209,1840,4,0239(brokerage business),27919,5359
5,0253(brokerage business),12980,-888,5,0253(brokerage business),20501,370,5,0272(brokerage business),27382,5112
6,0042(brokerage business),9678,3411,6,0103(brokerage business),17469,164,6,0148(brokerage business),25375,508
7,0272(brokerage business),7652,3177,7,0275(brokerage business),16756,1082,7,0103(brokerage business),23106,5077
8,0009(brokerage business),7128,1427,8,0272(brokerage business),15725,38,8,0275(brokerage business),19168,-4
9,0239(brokerage business),6977,-268,9,0009(brokerage business),15143,4088,9,0253(brokerage business),18519,984
10,0103(brokerage business),6257,-2946,10,0082(brokerage business),15055,216,10,0059(brokerage business),13884,1365
11,0058(brokerage business),5799,450,11,0058(brokerage business),14012,2369,11,0003(brokerage business),13081,811
12,0335(brokerage business),5074,1953,12,0034(brokerage business),13410,83,12,0034(brokerage business),12551,2489
13,0096(brokerage business),4659,743,13,0274(brokerage business),10663,1892,13,0277(brokerage business),10366,543
14,0274(brokerage business),3838,-1299,14,0003(brokerage business),8178,704,14,0084(brokerage business),9931,-466
15,0034(brokerage business),3276,-1007,15,0096(brokerage business),7668,973,15,0009(brokerage business),9232,250
16,0259(brokerage business),3064,1342,16,0137(brokerage business),7668,899,16,0305(brokerage business),9063,0
17,0268(brokerage business),2962,-679,17,0081(brokerage business),7106,-36,17,0123(brokerage business),8445,728
18,0069(brokerage business),2911,1075,18,0095(brokerage business),6103,-84,18,0096(brokerage business),7965,2664
19,0240(brokerage business),2541,663,19,0186(brokerage business),5410,-75,19,0002(brokerage business),7060,373
20,0059(brokerage business),2509,-990,20,0069(brokerage business),4304,1232,20,0125(brokerage business),6318,1229
Total,,223900,-1651,Total,,451130,47897,Total,,409484,45298
Member/OSP Type,Total Volume,Change from Previous Trading Day,Member/OSP Type,Total Long Position,Change from Previous Trading Day,Member/OSP Type,Total Short Position,Change from Previous Trading Day,,,
Contract Code：ssall,,,,,,,2026-08-21,,,,
Name of FF Member/OSBP,429408,-15442,Name of FF Member/OSBP,148523,6882,Name of FF Member/OSBP,148523,6882,,,
Name of Non-FF Member/OSNBP,0,0,Name of Non-FF Member/OSNBP,0,0,Name of Non-FF Member/OSNBP,0,0,,,
Ranking,Name of FF Member /OSBPs,Volume,Change from Previous Trading Day,Ranking,Name of FF Member /OSBPs,Long Position,Change from Previous Trading Day,Ranking,Name of FF Member /OSBPs,Short Position,Change from Previous Trading Day
Contract Code：ss2609,,,,,,,,,,2026-08-21,
1,0148(brokerage business),1889,-1523,1,0004(brokerage business),2471,-214,1,0148(brokerage business),2919,-141
2,0004(brokerage business),1484,-1509,2,0148(brokerage business),2161,-88,2,0004(brokerage business),1306,-36
3,0163(brokerage business),1230,-1251,3,0272(brokerage business),1455,-54,3,0163(brokerage business),854,-121
4,0275(brokerage business),864,-268,4,0043(brokerage business),750,-7,4,0274(brokerage business),648,41
5,0253(brokerage business),637,-488,5,0018(brokerage business),562,-18,5,0003(brokerage business),643,-64
6,0274(brokerage business),513,-183,6,0163(brokerage business),503,-77,6,0151(brokerage business),640,-1
7,0081(brokerage business),247,-1525,7,0253(brokerage business),498,-4,7,0253(brokerage business),618,-69
8,0018(brokerage business),234,32,8,0240(brokerage business),368,-1,8,0049(brokerage business),591,0
9,0137(brokerage business),234,-101,9,0059(brokerage business),339,3,9,0018(brokerage business),545,-140
10,0288(brokerage business),222,-1,10,0008(brokerage business),320,-1,10,0272(brokerage business),434,-2
11,0277(brokerage business),220,-80,11,0298(brokerage business),287,-19,11,0372(brokerage business),426,-2
12,0082(brokerage business),190,65,12,0389(brokerage business),268,6,12,0335(brokerage business),419,-7
13,0308(brokerage business),164,43,13,0081(brokerage business),254,-3,13,0240(brokerage business),416,-11
14,0034(brokerage business),119,61,14,0125(brokerage business),240,6,14,0038(brokerage business),351,0
15,0272(brokerage business),116,-342,15,0096(brokerage business),221,-1,15,0007(brokerage business),307,-3
16,0123(brokerage business),81,33,16,0295(brokerage business),192,-2,16,0153(brokerage business),306,-21
17,0059(brokerage business),79,-10,17,0123(brokerage business),190,-1,17,0076(brokerage business),213,0
18,0298(brokerage business),73,-149,18,0161(brokerage business),171,5,18,0277(brokerage business),184,-66
19,0003(brokerage business),69,-289,19,0276(brokerage business),160,1,19,0244(brokerage business),182,-27
20,0072(brokerage business),65,61,20,0308(brokerage business),157,3,20,0103(brokerage business),169,-3
Total,,8730,-7424,Total,,11567,-466,Total,,12171,-673
Ranking,Name of FF Member /OSBPs,Volume,Change from Previous Trading Day,Ranking,Name of FF Member /OSBPs,Long Position,Change from Previous Trading Day,Ranking,Name of FF Member /OSBPs,Short Position,Change from Previous Trading Day
Contract Code：ss2610,,,,,,,,,,2026-08-21,
1,0163(brokerage business),66937,8609,1,0004(brokerage business),10436,448,1,0148(brokerage business),16939,2205
2,0004(brokerage business),56072,-3005,2,0163(brokerage business),9547,158,2,0163(brokerage business),10326,17
3,0275(brokerage business),34181,-10337,3,0148(brokerage business),9355,97,3,0004(brokerage business),8665,556
4,0148(brokerage business),32948,-375,4,0253(brokerage business),8294,1919,4,0253(brokerage business),6920,-171
5,0253(brokerage business),26428,3789,5,0272(brokerage business),4371,-516,5,0335(brokerage business),4363,2179
6,0272(brokerage business),17829,-427,6,0082(brokerage business),4267,2592,6,0272(brokerage business),3967,73
7,0081(brokerage business),13006,-974,7,0018(brokerage business),4076,591,7,0239(brokerage business),3832,149
8,0240(brokerage business),8701,832,8,0240(brokerage business),3856,368,8,0240(brokerage business),3635,263
9,0298(brokerage business),8240,-491,9,0288(brokerage business),3447,279,9,0139(brokerage business),2963,-1572
10,0259(brokerage business),6731,-4347,10,0123(brokerage business),3337,84,10,0003(brokerage business),2839,18
11,0123(brokerage business),6645,-8834,11,0103(brokerage business),3119,-394,11,0137(brokerage business),2518,316
12,0034(brokerage business),5240,2272,12,0125(brokerage business),2596,209,12,0069(brokerage business),2286,-748
13,0082(brokerage business),4807,-1865,13,0298(brokerage business),2517,541,13,0161(brokerage business),2236,192
14,0161(brokerage business),4698,1110,14,0275(brokerage business),2326,904,14,0034(brokerage business),1954,586
15,0018(brokerage business),4277,-781,15,0003(brokerage business),2321,-53,15,0123(brokerage business),1926,-167
16,0103(brokerage business),3939,765,16,0323(brokerage business),2053,-61,16,0308(brokerage business),1898,357
17,0335(brokerage business),3733,2209,17,0034(brokerage business),1959,-480,17,0059(brokerage business),1753,364
18,0239(brokerage business),3040,585,18,0268(brokerage business),1940,145,18,0259(brokerage business),1736,156
19,0268(brokerage business),2946,120,19,0081(brokerage business),1873,517,19,0018(brokerage business),1707,28
20,0139(brokerage business),2517,876,20,0096(brokerage business),1645,-52,20,0288(brokerage business),1548,433
Total,,312915,-10269,Total,,83335,7296,Total,,84011,5234
Ranking,Name of FF Member /OSBPs,Volume,Change from Previous Trading Day,Ranking,Name of FF Member /OSBPs,Long Position,Change from Previous Trading Day,Ranking,Name of FF Member /OSBPs,Short Position,Change from Previous Trading Day
Contract Code：lu2609,,,,,,,,,,2026-08-21,
1,8004(brokerage business),654,175,1,8103(brokerage business),1268,-216,1,8023(brokerage business),501,0
2,8103(brokerage business),389,-23,2,8018(brokerage business),681,-223,2,8272(brokerage business),266,-47
3,8271(brokerage business),355,-49,3,8319(brokerage business),571,-47,3,8169(brokerage business),198,-20
4,8186(brokerage business),326,185,4,8004(brokerage business),491,-401,4,8004(brokerage business),178,-83
5,8148(brokerage business),292,114,5,8253(brokerage business),402,0,5,8081(brokerage business),141,-24
6,8018(brokerage business),236,203,6,8163(brokerage business),351,-12,6,8148(brokerage business),121,-115
7,8163(brokerage business),223,-444,7,8148(brokerage business),104,-45,7,8069(brokerage business),95,-19
8,8081(brokerage business),189,31,8,8077(brokerage business),100,0,8,8151(brokerage business),93,-13
9,8308(brokerage business),156,37,9,8151(brokerage business),28,0,9,8156(brokerage business),86,-23
10,8123(brokerage business),146,137,10,8001(brokerage business),27,0,10,8333(brokerage business),86,-2
11,8240(brokerage business),144,-10,11,8095(brokerage business),21,13,11,8240(brokerage business),81,-27
12,8274(brokerage business),134,118,12,8008(brokerage business),20,-40,12,8372(brokerage business),77,7
13,8275(brokerage business),113,-269,13,8082(brokerage business),20,0,13,8137(brokerage business),68,-12
14,8272(brokerage business),112,-39,14,8262(brokerage business),20,0,14,8163(brokerage business),65,-13
15,8059(brokerage business),111,96,15,8081(brokerage business),19,-3,15,8001(brokerage business),60,0
16,8259(brokerage business),103,48,16,8137(brokerage business),18,-19,16,8298(brokerage business),57,-24
17,8034(brokerage business),90,35,17,8134(brokerage business),15,-10,17,8086(brokerage business),52,-1
18,8335(brokerage business),90,79,18,8308(brokerage business),13,-4,18,8077(brokerage business),48,-41
19,8137(brokerage business),85,-3,19,8123(brokerage business),11,-18,19,8308(brokerage business),48,-22
20,8069(brokerage business),83,25,20,8186(brokerage business),11,-9,20,8058(brokerage business),45,-3
Total,,4031,446,Total,,4191,-1034,Total,,2366,-482
Ranking,Name of FF Member /OSBPs,Volume,Change from Previous Trading Day,Ranking,Name of FF Member /OSBPs,Long Position,Change from Previous Trading Day,Ranking,Name of FF Member /OSBPs,Short Position,Change from Previous Trading Day
Contract Code：lu2610,,,,,,,,,,2026-08-21,
1,8148(brokerage business),32430,-184,1,8148(brokerage business),7701,-311,1,8004(brokerage business),10910,-311
2,8163(brokerage business),30449,-9053,2,8004(brokerage business),7681,48,2,8103(brokerage business),7635,709
3,8004(brokerage business),23971,-3866,3,8163(brokerage business),5304,144,3,8372(brokerage business),7493,607
4,8253(brokerage business),12170,-5399,4,8288(brokerage business),2960,-199,4,8148(brokerage business),7448,73
5,8272(brokerage business),11881,5904,5,8335(brokerage business),2560,278,5,8163(brokerage business),7419,-443
6,8123(brokerage business),9691,-3116,6,8253(brokerage business),2538,324,6,8272(brokerage business),3454,-300
7,8081(brokerage business),5843,-62,7,8272(brokerage business),2136,45,7,8096(brokerage business),2607,106
8,8275(brokerage business),5012,-10903,8,8184(brokerage business),2091,-117,8,8319(brokerage business),2348,-153
9,8298(brokerage business),4002,-113,9,8082(brokerage business),2049,45,9,8333(brokerage business),1995,-8
10,8186(brokerage business),4000,-773,10,8268(brokerage business),2024,-19,10,8018(brokerage business),1953,-81
11,8161(brokerage business),3680,-163,11,8103(brokerage business),2010,-4,11,8253(brokerage business),1727,-86
12,8240(brokerage business),3416,-461,12,8240(brokerage business),1940,373,12,8123(brokerage business),1626,-23
13,8043(brokerage business),2719,211,13,8239(brokerage business),1707,-36,13,8082(brokerage business),1602,60
14,8069(brokerage business),2626,-487,14,8161(brokerage business),1613,74,14,8059(brokerage business),1542,287
15,8288(brokerage business),2340,-397,15,8274(brokerage business),1437,-56,15,8268(brokerage business),1182,-23
16,8308(brokerage business),2339,-333,16,8151(brokerage business),1418,53,16,8177(brokerage business),1126,7
17,8059(brokerage business),2336,-231,17,8086(brokerage business),1376,-26,17,8298(brokerage business),1126,-28
18,8103(brokerage business),2333,-828,18,8018(brokerage business),1356,-3,18,8034(brokerage business),1043,-75
19,8268(brokerage business),2280,-634,19,8081(brokerage business),1210,-258,19,8288(brokerage business),963,-19
20,8137(brokerage business),2086,137,20,8137(brokerage business),1110,139,20,8137(brokerage business),789,-277
Total,,165604,-30751,Total,,52221,494,Total,,65988,22
Ranking,Name of FF Member /OSBPs,Volume,Change from Previous Trading Day,Ranking,Name of FF Member /OSBPs,Long Position,Change from Previous Trading Day,Ranking,Name of FF Member /OSBPs,Short Position,Change from Previous Trading Day
Contract Code：lu2611,,,,,,,,,,2026-08-21,
1,8163(brokerage business),16580,3924,1,8184(brokerage business),11583,-122,1,8004(brokerage business),7254,-421
2,8148(brokerage business),13383,-121,2,8081(brokerage business),5986,-51,2,7002(brokerage business),5820,0
3,8253(brokerage business),9229,4522,3,8239(brokerage business),3708,-616,3,8239(brokerage business),4738,-126
4,8096(brokerage business),6347,2042,4,8004(brokerage business),3653,123,4,8163(brokerage business),3911,1844
5,8004(brokerage business),5788,2179,5,8163(brokerage business),3154,1984,5,8148(brokerage business),3890,892
6,8275(brokerage business),5264,369,6,8148(brokerage business),2997,-105,6,8059(brokerage business),3135,544
7,8123(brokerage business),3089,1072,7,8084(brokerage business),1759,34,7,8253(brokerage business),2638,10
8,8059(brokerage business),2595,1578,8,8333(brokerage business),1749,-10,8,8272(brokerage business),2507,492
9,8239(brokerage business),2472,345,9,8274(brokerage business),1553,182,9,8096(brokerage business),2500,-365
10,8081(brokerage business),2371,626,10,8103(brokerage business),1238,170,10,8372(brokerage business),2012,-1595
11,8141(brokerage business),1742,801,11,8335(brokerage business),1092,-412,11,8103(brokerage business),1759,-407
12,8372(brokerage business),1699,1693,12,8034(brokerage business),908,-181,12,8319(brokerage business),968,-10
13,8103(brokerage business),1665,378,13,8161(brokerage business),765,24,13,8275(brokerage business),871,34
14,8240(brokerage business),1638,1068,14,8288(brokerage business),757,-134,14,8177(brokerage business),842,-10
15,8335(brokerage business),1586,642,15,8253(brokerage business),738,-73,15,8042(brokerage business),835,7
16,8069(brokerage business),1532,833,16,8268(brokerage business),729,50,16,8125(brokerage business),637,62
17,8288(brokerage business),1430,413,17,8240(brokerage business),601,93,17,8254(brokerage business),508,0
18,8272(brokerage business),1247,227,18,8137(brokerage business),427,40,18,8018(brokerage business),364,6
19,8308(brokerage business),1125,448,19,8272(brokerage business),371,101,19,8268(brokerage business),305,39
20,8268(brokerage business),963,247,20,8141(brokerage business),320,148,20,8137(brokerage business),285,-2
Total,,81745,23286,Total,,44088,1245,Total,,45779,994
Member/OSP Type,Total Volume,Change from Previous Trading Day,Member/OSP Type,Total Long Position,Change from Previous Trading Day,Member/OSP Type,Total Short Position,Change from Previous Trading Day,,,
Contract Code：fuall,,,,,,,2026-08-21,,,,
Name of FF Member/OSBP,2143464,-444636,Name of FF Member/OSBP,548318,5530,Name of FF Member/OSBP,548316,5530,,,
Name of Non-FF Member/OSNBP,0,0,Name of Non-FF Member/OSNBP,0,0,Name of Non-FF Member/OSNBP,2,0,,,
Ranking,Name of FF Member /OSBPs,Volume,Change from Previous Trading Day,Ranking,Name of FF Member /OSBPs,Long Position,Change from Previous Trading Day,Ranking,Name of FF Member /OSBPs,Short Position,Change from Previous Trading Day
Contract Code：fu2609,,,,,,,,,,2026-08-21,
1,0004(brokerage business),51754,-52923,1,0103(brokerage business),6715,-849,1,0148(brokerage business),4505,-1496
2,0163(brokerage business),51069,-54918,2,0004(brokerage business),5555,-1175,2,0004(brokerage business),2213,-1401
3,0148(brokerage business),41395,-73220,3,0319(brokerage business),4626,273,3,0240(brokerage business),1982,-388
4,0240(brokerage business),27083,-22525,4,0148(brokerage business),3450,-1641,4,0163(brokerage business),1859,-916
5,0275(brokerage business),23387,-17069,5,0253(brokerage business),2898,270,5,0288(brokerage business),1853,-418
6,0272(brokerage business),17953,-9600,6,0163(brokerage business),2886,-961,6,0034(brokerage business),1759,-860
7,0268(brokerage business),14554,-16519,7,0018(brokerage business),2472,-246,7,0298(brokerage business),1756,-673
8,0253(brokerage business),12391,-19107,8,0275(brokerage business),1159,-348,8,0272(brokerage business),1505,-793
9,0081(brokerage business),9250,-22591,9,0019(brokerage business),1127,-243,9,0042(brokerage business),1396,-194
10,0034(brokerage business),9124,-11682,10,0034(brokerage business),1123,-640,10,0275(brokerage business),1396,-345
11,0186(brokerage business),7043,-15279,11,0123(brokerage business),1103,-137,11,0186(brokerage business),1145,-286
12,0308(brokerage business),7008,-15912,12,0096(brokerage business),1069,105,12,0253(brokerage business),1036,-265
13,0244(brokerage business),6563,-8242,13,0151(brokerage business),1047,-1038,13,0137(brokerage business),1020,-148
14,0323(brokerage business),6132,-11142,14,0272(brokerage business),857,-1126,14,0081(brokerage business),966,1
15,0137(brokerage business),6090,-7934,15,0137(brokerage business),741,-26,15,0323(brokerage business),916,-289
16,0151(brokerage business),5293,-3551,16,0125(brokerage business),718,-56,16,0268(brokerage business),820,-1379
17,0299(brokerage business),4930,-6623,17,0240(brokerage business),708,-337,17,0051(brokerage business),768,-22
18,0042(brokerage business),4553,-5800,18,0299(brokerage business),587,-634,18,0103(brokerage business),767,-158
19,0298(brokerage business),4474,-8287,19,0069(brokerage business),586,-326,19,0059(brokerage business),740,-324
20,0059(brokerage business),4419,-9543,20,0042(brokerage business),578,-161,20,0372(brokerage business),716,0
Total,,314465,-392467,Total,,40005,-9296,Total,,29118,-10354
Ranking,Name of FF Member /OSBPs,Volume,Change from Previous Trading Day,Ranking,Name of FF Member /OSBPs,Long Position,Change from Previous Trading Day,Ranking,Name of FF Member /OSBPs,Short Position,Change from Previous Trading Day
Contract Code：fu2610,,,,,,,,,,2026-08-21,
1,0148(brokerage business),29295,783,1,0004(brokerage business),6790,632,1,0004(brokerage business),3523,-307
2,0275(brokerage business),23881,-8707,2,0163(brokerage business),6509,-251,2,0163(brokerage business),3354,-331
3,0163(brokerage business),21766,-6223,3,0148(brokerage business),4649,576,3,0034(brokerage business),2925,96
4,0123(brokerage business),17208,351,4,0103(brokerage business),3811,200,4,0148(brokerage business),2845,281
5,0004(brokerage business),11791,-5131,5,0034(brokerage business),2569,99,5,0253(brokerage business),2605,192
6,0161(brokerage business),7425,-4579,6,0253(brokerage business),2388,100,6,0103(brokerage business),2564,16
7,0272(brokerage business),5782,-2423,7,0272(brokerage business),2310,70,7,0275(brokerage business),2319,-32
8,0268(brokerage business),5598,-23,8,0069(brokerage business),2014,-60,8,0069(brokerage business),2253,1
9,0068(brokerage business),5540,5293,9,0123(brokerage business),1978,173,9,0372(brokerage business),2217,17
10,0240(brokerage business),4936,-1389,10,0082(brokerage business),1941,151,10,0268(brokerage business),2088,46
11,0298(brokerage business),4835,-1380,11,0275(brokerage business),1811,11,11,0137(brokerage business),1928,64
12,0069(brokerage business),4423,-1932,12,0137(brokerage business),1741,-40,12,0298(brokerage business),1905,136
13,0308(brokerage business),4255,-1176,13,0008(brokerage business),1519,-4,13,0077(brokerage business),1893,132
14,0034(brokerage business),3537,11,14,0178(brokerage business),1487,-32,14,0240(brokerage business),1835,110
15,0253(brokerage business),3464,-1745,15,0059(brokerage business),1362,175,15,0178(brokerage business),1799,60
16,0009(brokerage business),3402,-1163,16,0151(brokerage business),1331,149,16,0123(brokerage business),1678,-1
17,0244(brokerage business),2807,491,17,0268(brokerage business),753,18,17,0008(brokerage business),1515,-9
18,0338(brokerage business),2664,609,18,0240(brokerage business),679,284,18,0272(brokerage business),1038,-118
19,0178(brokerage business),2622,-327,19,0335(brokerage business),659,58,19,0067(brokerage business),1020,593
20,0288(brokerage business),2566,-594,20,0161(brokerage business),656,34,20,0299(brokerage business),899,15
Total,,167797,-29254,Total,,46957,2343,Total,,42203,961
Ranking,Name of FF Member /OSBPs,Volume,Change from Previous Trading Day,Ranking,Name of FF Member /OSBPs,Long Position,Change from Previous Trading Day,Ranking,Name of FF Member /OSBPs,Short Position,Change from Previous Trading Day
Contract Code：fu2611,,,,,,,,,,2026-08-21,
1,0004(brokerage business),160008,64983,1,0004(brokerage business),26129,1142,1,0004(brokerage business),43553,1566
2,0163(brokerage business),117717,8712,2,0148(brokerage business),24491,518,2,0163(brokerage business),21907,5816
3,0148(brokerage business),116586,7002,3,0163(brokerage business),21682,1189,3,0148(brokerage business),19515,1290
4,0275(brokerage business),105630,7229,4,0253(brokerage business),13381,611,4,0103(brokerage business),16931,106
5,0253(brokerage business),57921,14665,5,0272(brokerage business),9252,1499,5,0253(brokerage business),12220,338
6,0240(brokerage business),53000,-2459,6,0239(brokerage business),9196,-1153,6,0272(brokerage business),8991,-785
7,0272(brokerage business),52316,11498,7,0161(brokerage business),8131,667,7,0372(brokerage business),8928,3099
8,0081(brokerage business),44587,1224,8,0034(brokerage business),7899,323,8,0034(brokerage business),8891,429
9,0123(brokerage business),44486,117,9,0137(brokerage business),7782,1141,9,0319(brokerage business),7983,41
10,0009(brokerage business),26032,7650,10,0335(brokerage business),7769,111,10,0275(brokerage business),7006,256
11,0308(brokerage business),25335,6075,11,0103(brokerage business),7652,944,11,0069(brokerage business),6813,1192
12,0268(brokerage business),24891,8967,12,0240(brokerage business),6680,1310,12,0137(brokerage business),6642,480
13,0034(brokerage business),23330,4482,13,0059(brokerage business),5793,1265,13,0161(brokerage business),5858,215
14,0298(brokerage business),23158,195,14,0268(brokerage business),5640,1095,14,0298(brokerage business),4815,132
15,0186(brokerage business),20340,6636,15,0275(brokerage business),5634,186,15,0009(brokerage business),4749,1068
16,0259(brokerage business),18174,-1120,16,0069(brokerage business),5354,281,16,0268(brokerage business),4653,512
17,0161(brokerage business),16142,4359,17,0123(brokerage business),4984,37,17,0008(brokerage business),4612,120
18,0069(brokerage business),14511,-242,18,0008(brokerage business),4506,13,18,0059(brokerage business),4194,-96
19,0096(brokerage business),14003,229,19,0178(brokerage business),4228,188,19,0123(brokerage business),4097,527
20,0299(brokerage business),13835,3177,20,0288(brokerage business),4182,454,20,0178(brokerage business),4084,51
Total,,972002,153379,Total,,190365,11821,Total,,206442,16357
Ranking,Name of FF Member /OSBPs,Volume,Change from Previous Trading Day,Ranking,Name of FF Member /OSBPs,Long Position,Change from Previous Trading Day,Ranking,Name of FF Member /OSBPs,Short Position,Change from Previous Trading Day
Contract Code：fu2701,,,,,,,,,,2026-08-21,
1,0163(brokerage business),17569,276,1,0272(brokerage business),11350,-202,1,0004(brokerage business),14382,3
2,0275(brokerage business),14873,-4709,2,0004(brokerage business),8390,950,2,0372(brokerage business),9892,129
3,0148(brokerage business),12377,-4579,3,0148(brokerage business),5859,124,3,0272(brokerage business),8015,-20
4,0123(brokerage business),7451,1773,4,0335(brokerage business),5614,330,4,0148(brokerage business),6603,-373
5,0272(brokerage business),6932,-6183,5,0084(brokerage business),3924,221,5,0163(brokerage business),3340,-1102
6,0004(brokerage business),5501,848,6,0163(brokerage business),3799,1027,6,0240(brokerage business),3143,92
7,0338(brokerage business),2864,-356,7,0253(brokerage business),3367,149,7,0103(brokerage business),2855,-208
8,0308(brokerage business),2807,-1890,8,0123(brokerage business),2712,42,8,0253(brokerage business),2407,108
9,0034(brokerage business),2054,330,9,0103(brokerage business),2393,33,9,0082(brokerage business),2092,-154
10,0240(brokerage business),1843,-1154,10,0081(brokerage business),2012,45,10,0239(brokerage business),2023,-8
11,0069(brokerage business),1551,-173,11,0288(brokerage business),1780,116,11,0298(brokerage business),1654,-6
12,0268(brokerage business),1423,-573,12,0240(brokerage business),1723,121,12,0059(brokerage business),1532,7
13,0082(brokerage business),1422,236,13,0059(brokerage business),1690,-29,13,0275(brokerage business),1424,53
14,0271(brokerage business),1290,-850,14,0308(brokerage business),1509,-136,14,0096(brokerage business),1051,29
15,0252(brokerage business),1261,526,15,0034(brokerage business),1507,46,15,0034(brokerage business),1009,186
16,0253(brokerage business),1257,-118,16,0042(brokerage business),1502,26,16,0125(brokerage business),916,101
17,0274(brokerage business),1205,-50,17,0319(brokerage business),1239,-133,17,0123(brokerage business),886,53
18,0186(brokerage business),1176,-155,18,0239(brokerage business),1187,-8,18,0186(brokerage business),880,13
19,0081(brokerage business),1161,-123,19,0338(brokerage business),1172,-2359,19,0268(brokerage business),758,-50
20,0311(brokerage business),1104,936,20,0389(brokerage business),1095,82,20,0252(brokerage business),718,339
Total,,87121,-15988,Total,,63824,445,Total,,65580,-808
Member/OSP Type,Total Volume,Change from Previous Trading Day,Member/OSP Type,Total Long Position,Change from Previous Trading Day,Member/OSP Type,Total Short Position,Change from Previous Trading Day,,,
Contract Code：buall,,,,,,,2026-08-21,,,,
Name of FF Member/OSBP,1568240,273642,Name of FF Member/OSBP,634631,-3185,Name of FF Member/OSBP,634631,-3185,,,
Name of Non-FF Member/OSNBP,0,0,Name of Non-FF Member/OSNBP,0,0,Name of Non-FF Member/OSNBP,0,0,,,
Ranking,Name of FF Member /OSBPs,Volume,Change from Previous Trading Day,Ranking,Name of FF Member /OSBPs,Long Position,Change from Previous Trading Day,Ranking,Name of FF Member /OSBPs,Short Position,Change from Previous Trading Day
Contract Code：bu2609,,,,,,,,,,2026-08-21,
1,0163(brokerage business),37270,6789,1,0004(brokerage business),9721,-3543,1,0272(brokerage business),4537,-2039
2,0004(brokerage business),33314,8520,2,0148(brokerage business),3470,-676,2,0004(brokerage business),4174,-1724
3,0148(brokerage business),29696,2548,3,0103(brokerage business),3341,-2718,3,0275(brokerage business),3639,-869
4,0275(brokerage business),19164,-3157,4,0163(brokerage business),2406,-2397,4,0148(brokerage business),2993,-1431
5,0123(brokerage business),12063,4406,5,0151(brokerage business),2173,68,5,0123(brokerage business),2709,920
6,0253(brokerage business),8067,1890,6,0275(brokerage business),2166,-333,6,0103(brokerage business),2574,824
7,0103(brokerage business),7886,2524,7,0125(brokerage business),2028,3,7,0161(brokerage business),2139,-190
8,0081(brokerage business),7566,1716,8,0018(brokerage business),1966,-348,8,0240(brokerage business),1909,-443
9,0240(brokerage business),7310,1121,9,0272(brokerage business),1778,-1380,9,0177(brokerage business),1827,-7
10,0272(brokerage business),6011,2921,10,0240(brokerage business),1693,-152,10,0253(brokerage business),1562,-390
11,0069(brokerage business),4987,1269,11,0009(brokerage business),1619,245,11,0018(brokerage business),1478,1
12,0268(brokerage business),3634,-925,12,0123(brokerage business),1585,-999,12,0298(brokerage business),1454,-368
13,0323(brokerage business),3142,1429,13,0059(brokerage business),1467,-197,13,0268(brokerage business),1445,-647
14,0259(brokerage business),2796,-3074,14,0153(brokerage business),1193,-215,14,0034(brokerage business),1344,-794
15,0042(brokerage business),2792,561,15,0137(brokerage business),1173,-76,15,0163(brokerage business),1277,-668
16,0059(brokerage business),2781,686,16,0323(brokerage business),1159,-504,16,0288(brokerage business),1190,-259
17,0082(brokerage business),2502,1010,17,0253(brokerage business),1047,-198,17,0042(brokerage business),1157,-87
18,0034(brokerage business),2494,-2082,18,0177(brokerage business),986,294,18,0082(brokerage business),1027,-740
19,0137(brokerage business),2382,19,19,0069(brokerage business),964,-596,19,0069(brokerage business),885,-383
20,0139(brokerage business),2329,2122,20,0096(brokerage business),913,190,20,0254(brokerage business),883,-217
Total,,198186,30293,Total,,42848,-13532,Total,,40203,-9511
Ranking,Name of FF Member /OSBPs,Volume,Change from Previous Trading Day,Ranking,Name of FF Member /OSBPs,Long Position,Change from Previous Trading Day,Ranking,Name of FF Member /OSBPs,Short Position,Change from Previous Trading Day
Contract Code：bu2610,,,,,,,,,,2026-08-21,
1,0163(brokerage business),148507,24568,1,0148(brokerage business),46841,-283,1,0004(brokerage business),27107,-3134
2,0004(brokerage business),102782,22407,2,0004(brokerage business),24414,-3238,2,0148(brokerage business),24407,-437
3,0148(brokerage business),79930,-2925,3,0163(brokerage business),17435,565,3,0272(brokerage business),22146,1006
4,0275(brokerage business),46494,16475,4,0272(brokerage business),14942,-1487,4,0123(brokerage business),15627,2550
5,0253(brokerage business),43090,10312,5,0335(brokerage business),13229,715,5,0103(brokerage business),15076,-250
6,0123(brokerage business),40906,14779,6,0082(brokerage business),12863,138,6,0275(brokerage business),14291,989
7,0240(brokerage business),31091,3593,7,0059(brokerage business),12476,-292,7,0082(brokerage business),10917,422
8,0272(brokerage business),30253,13,8,0253(brokerage business),11250,-220,8,0240(brokerage business),10219,-121
9,0081(brokerage business),28604,2481,9,0103(brokerage business),10570,-4967,9,0139(brokerage business),9592,484
10,0161(brokerage business),19990,635,10,0268(brokerage business),9997,1563,10,0081(brokerage business),9073,105
11,0268(brokerage business),19366,-4594,11,0239(brokerage business),9789,-1405,11,0268(brokerage business),8662,1253
12,0137(brokerage business),18951,4145,12,0123(brokerage business),9781,1004,12,0059(brokerage business),8595,-100
13,0069(brokerage business),16360,4726,13,0081(brokerage business),7603,-355,13,0009(brokerage business),8418,-17
14,0103(brokerage business),15727,6795,14,0137(brokerage business),7471,35,14,0137(brokerage business),8068,58
15,0186(brokerage business),15343,877,15,0288(brokerage business),6637,1652,15,0163(brokerage business),6678,-432
16,0059(brokerage business),14462,-2230,16,0240(brokerage business),6322,-78,16,0125(brokerage business),6111,-729
17,0034(brokerage business),13894,3395,17,0275(brokerage business),6054,227,17,0069(brokerage business),6047,-1788
18,0298(brokerage business),11974,1785,18,0161(brokerage business),5823,121,18,0177(brokerage business),4824,203
19,0308(brokerage business),10859,1933,19,0009(brokerage business),5315,649,19,0121(brokerage business),4313,1573
20,0082(brokerage business),10510,771,20,0153(brokerage business),4693,584,20,0018(brokerage business),4250,-151
Total,,719093,109941,Total,,243505,-5072,Total,,224421,1484
Ranking,Name of FF Member /OSBPs,Volume,Change from Previous Trading Day,Ranking,Name of FF Member /OSBPs,Long Position,Change from Previous Trading Day,Ranking,Name of FF Member /OSBPs,Short Position,Change from Previous Trading Day
Contract Code：bu2611,,,,,,,,,,2026-08-21,
1,0163(brokerage business),23810,8103,1,0148(brokerage business),8483,708,1,0148(brokerage business),9254,1044
2,0275(brokerage business),18423,9482,2,0272(brokerage business),8426,2412,2,0009(brokerage business),9236,1661
3,0148(brokerage business),15084,6545,3,0082(brokerage business),7631,-267,3,0082(brokerage business),8064,15
4,0004(brokerage business),14107,6683,4,0009(brokerage business),6503,-75,4,0272(brokerage business),6928,35
5,0123(brokerage business),9392,5390,5,0161(brokerage business),5723,51,5,0275(brokerage business),5979,1085
6,0059(brokerage business),6478,-18,6,0081(brokerage business),5706,-26,6,0139(brokerage business),5943,-231
7,0069(brokerage business),6427,3550,7,0004(brokerage business),5660,311,7,0161(brokerage business),5882,133
8,0272(brokerage business),6035,1682,8,0239(brokerage business),5621,2085,8,0081(brokerage business),5585,2
9,0137(brokerage business),4334,2574,9,0069(brokerage business),5271,-68,9,0069(brokerage business),5422,411
10,0082(brokerage business),3876,1968,10,0139(brokerage business),5239,-2,10,0137(brokerage business),4650,497
11,0009(brokerage business),3862,1830,11,0043(brokerage business),4553,236,11,0268(brokerage business),4627,-440
12,0161(brokerage business),3396,670,12,0123(brokerage business),4418,428,12,0059(brokerage business),4511,645
13,0253(brokerage business),3262,1413,13,0268(brokerage business),4324,-452,13,0123(brokerage business),4155,-64
14,0259(brokerage business),2863,1155,14,0137(brokerage business),4244,-379,14,0043(brokerage business),4061,35
15,0103(brokerage business),2780,1465,15,0059(brokerage business),4088,395,15,0004(brokerage business),2967,-140
16,0271(brokerage business),2753,2119,16,0275(brokerage business),3409,-186,16,0001(brokerage business),1950,165
17,0240(brokerage business),2644,787,17,0163(brokerage business),2872,118,17,0259(brokerage business),1836,1154
18,0268(brokerage business),2578,595,18,0274(brokerage business),2466,1365,18,0333(brokerage business),1671,94
19,0308(brokerage business),2512,1082,19,0335(brokerage business),1893,605,19,0177(brokerage business),1654,324
20,0274(brokerage business),2395,712,20,0018(brokerage business),1279,1171,20,0308(brokerage business),1561,1023
Total,,137011,57787,Total,,97809,8430,Total,,95936,7448
Ranking,Name of FF Member /OSBPs,Volume,Change from Previous Trading Day,Ranking,Name of FF Member /OSBPs,Long Position,Change from Previous Trading Day,Ranking,Name of FF Member /OSBPs,Short Position,Change from Previous Trading Day
Contract Code：bu2612,,,,,,,,,,2026-08-21,
1,0163(brokerage business),19786,451,1,0004(brokerage business),10907,52,1,0004(brokerage business),12515,1109
2,0148(brokerage business),15196,1696,2,0148(brokerage business),10303,7,2,0272(brokerage business),11625,1296
3,0275(brokerage business),10005,2301,3,0335(brokerage business),7101,925,3,0103(brokerage business),9519,978
4,0004(brokerage business),7967,-181,4,0239(brokerage business),6833,2,4,0123(brokerage business),6787,612
5,0253(brokerage business),7533,2207,5,0177(brokerage business),5993,249,5,0238(brokerage business),4884,11
6,0123(brokerage business),5754,382,6,0272(brokerage business),4659,125,6,0082(brokerage business),3605,71
7,0272(brokerage business),5405,681,7,0103(brokerage business),4532,1388,7,0148(brokerage business),3356,501
8,0308(brokerage business),4558,896,8,0009(brokerage business),4502,913,8,0333(brokerage business),3049,413
9,0103(brokerage business),3502,548,9,0163(brokerage business),3672,1401,9,0275(brokerage business),2785,836
10,0069(brokerage business),3296,1607,10,0240(brokerage business),3108,-675,10,0069(brokerage business),2777,-38
11,0240(brokerage business),2931,1001,11,0275(brokerage business),3102,1205,11,0253(brokerage business),2772,138
12,0059(brokerage business),2163,-700,12,0084(brokerage business),3000,0,12,0240(brokerage business),2745,-20
13,0082(brokerage business),1994,1002,13,0389(brokerage business),2405,-215,13,0018(brokerage business),2705,-86
14,0137(brokerage business),1906,939,14,0059(brokerage business),2006,4,14,0268(brokerage business),2616,56
15,0009(brokerage business),1736,626,15,0308(brokerage business),1881,714,15,0096(brokerage business),2502,300
16,0177(brokerage business),1673,-361,16,0253(brokerage business),1576,-611,16,0244(brokerage business),2059,509
17,0259(brokerage business),1553,42,17,0003(brokerage business),1501,156,17,0163(brokerage business),1957,599
18,0333(brokerage business),1513,151,18,0259(brokerage business),1479,875,18,0323(brokerage business),1881,163
19,0001(brokerage business),1507,1156,19,0299(brokerage business),1419,433,19,0153(brokerage business),1759,149
20,0271(brokerage business),1473,792,20,0137(brokerage business),1215,-432,20,0308(brokerage business),1596,126
Total,,101451,15236,Total,,81194,6516,Total,,83494,7723
Member/OSP Type,Total Volume,Change from Previous Trading Day,Member/OSP Type,Total Long Position,Change from Previous Trading Day,Member/OSP Type,Total Short Position,Change from Previous Trading Day,,,
Contract Code：brall,,,,,,,2026-08-21,,,,
Name of FF Member/OSBP,529462,-153698,Name of FF Member/OSBP,171345,-1214,Name of FF Member/OSBP,171345,-1214,,,
Name of Non-FF Member/OSNBP,0,0,Name of Non-FF Member/OSNBP,0,0,Name of Non-FF Member/OSNBP,0,0,,,
Ranking,Name of FF Member /OSBPs,Volume,Change from Previous Trading Day,Ranking,Name of FF Member /OSBPs,Long Position,Change from Previous Trading Day,Ranking,Name of FF Member /OSBPs,Short Position,Change from Previous Trading Day
Contract Code：br2609,,,,,,,,,,2026-08-21,
1,0148(brokerage business),10975,-6409,1,0004(brokerage business),2451,-419,1,0004(brokerage business),1442,168
2,0004(brokerage business),9467,-3669,2,0103(brokerage business),1165,-146,2,0163(brokerage business),1287,165
3,0275(brokerage business),7866,-7703,3,0148(brokerage business),1137,27,3,0253(brokerage business),1025,138
4,0163(brokerage business),5372,-3819,4,0029(brokerage business),663,-3,4,0148(brokerage business),953,32
5,0253(brokerage business),4288,-2809,5,0163(brokerage business),520,-97,5,0240(brokerage business),776,16
6,0081(brokerage business),3813,-2279,6,0034(brokerage business),514,-210,6,0275(brokerage business),621,23
7,0059(brokerage business),2552,-1431,7,0069(brokerage business),496,-122,7,0272(brokerage business),538,-678
8,0272(brokerage business),1672,-276,8,0253(brokerage business),478,-48,8,0123(brokerage business),409,-13
9,0240(brokerage business),1455,-753,9,0275(brokerage business),471,41,9,0034(brokerage business),404,-13
10,0123(brokerage business),1340,-1932,10,0151(brokerage business),437,-10,10,0298(brokerage business),364,-55
11,0268(brokerage business),1014,-698,11,0272(brokerage business),381,-74,11,0059(brokerage business),344,1
12,0259(brokerage business),861,-1392,12,0137(brokerage business),368,37,12,0081(brokerage business),336,44
13,0186(brokerage business),812,5,13,0001(brokerage business),357,41,13,0058(brokerage business),320,-11
14,0069(brokerage business),810,-338,14,0058(brokerage business),319,100,14,0069(brokerage business),298,2
15,0007(brokerage business),795,-352,15,0271(brokerage business),318,-9,15,0096(brokerage business),279,-10
16,0009(brokerage business),780,-495,16,0059(brokerage business),309,-1,16,0068(brokerage business),266,-182
17,0288(brokerage business),766,-446,17,0323(brokerage business),307,18,17,0268(brokerage business),260,65
18,0034(brokerage business),705,-995,18,0274(brokerage business),306,87,18,0372(brokerage business),249,4
19,0338(brokerage business),507,284,19,0081(brokerage business),265,-25,19,0161(brokerage business),243,104
20,0274(brokerage business),442,-652,20,0277(brokerage business),242,18,20,0186(brokerage business),227,3
Total,,56292,-36159,Total,,11504,-795,Total,,10641,-197
Ranking,Name of FF Member /OSBPs,Volume,Change from Previous Trading Day,Ranking,Name of FF Member /OSBPs,Long Position,Change from Previous Trading Day,Ranking,Name of FF Member /OSBPs,Short Position,Change from Previous Trading Day
Contract Code：br2610,,,,,,,,,,2026-08-21,
1,0148(brokerage business),65080,-6415,1,0004(brokerage business),14453,-1063,1,0004(brokerage business),12270,-1216
2,0004(brokerage business),57375,-14427,2,0148(brokerage business),10856,-526,2,0323(brokerage business),10141,145
3,0275(brokerage business),31721,1589,3,0323(brokerage business),9883,100,3,0148(brokerage business),7234,-2884
4,0163(brokerage business),30205,-13095,4,0163(brokerage business),6969,-434,4,0272(brokerage business),6294,1069
5,0253(brokerage business),26686,-4991,5,0268(brokerage business),6240,-42,5,0163(brokerage business),5981,-857
6,0081(brokerage business),20444,-6542,6,0123(brokerage business),5344,-39,6,0268(brokerage business),5649,21
7,0240(brokerage business),18140,-1242,7,0103(brokerage business),4597,-238,7,0082(brokerage business),4720,-58
8,0161(brokerage business),14515,-1461,8,0253(brokerage business),4484,-106,8,0123(brokerage business),4200,-921
9,0123(brokerage business),10788,-8059,9,0272(brokerage business),2868,-166,9,0253(brokerage business),3304,-310
10,0272(brokerage business),9255,58,10,0096(brokerage business),2514,-753,10,0103(brokerage business),3106,41
11,0268(brokerage business),7111,-1691,11,0081(brokerage business),2215,-201,11,0096(brokerage business),2945,-264
12,0186(brokerage business),6436,-724,12,0240(brokerage business),1946,358,12,0029(brokerage business),2929,37
13,0298(brokerage business),6369,-1320,13,0043(brokerage business),1900,-68,13,0275(brokerage business),2600,155
14,0059(brokerage business),6151,-1417,14,0059(brokerage business),1900,124,14,0058(brokerage business),1920,510
15,0280(brokerage business),4452,945,15,0275(brokerage business),1778,-102,15,0177(brokerage business),1818,-728
16,0034(brokerage business),3895,-1800,16,0335(brokerage business),1732,182,16,0240(brokerage business),1708,102
17,0308(brokerage business),3735,-632,17,0153(brokerage business),1281,145,17,0043(brokerage business),1633,-159
18,0137(brokerage business),3040,-1496,18,0048(brokerage business),1240,-11,18,0069(brokerage business),1549,157
19,0259(brokerage business),2977,-4760,19,0137(brokerage business),1200,156,19,0034(brokerage business),1496,88
20,0323(brokerage business),2913,-2733,20,0288(brokerage business),1172,92,20,0125(brokerage business),1475,539
Total,,331288,-70213,Total,,84572,-2592,Total,,82972,-4533
Member/OSP Type,Total Volume,Change from Previous Trading Day,Member/OSP Type,Total Long Position,Change from Previous Trading Day,Member/OSP Type,Total Short Position,Change from Previous Trading Day,,,
Contract Code：ruall,,,,,,,2026-08-21,,,,
Name of FF Member/OSBP,616162,17176,Name of FF Member/OSBP,188758,1128,Name of FF Member/OSBP,188176,1128,,,
Name of Non-FF Member/OSNBP,0,0,Name of Non-FF Member/OSNBP,50,0,Name of Non-FF Member/OSNBP,632,0,,,
Ranking,Name of FF Member /OSBPs,Volume,Change from Previous Trading Day,Ranking,Name of FF Member /OSBPs,Long Position,Change from Previous Trading Day,Ranking,Name of FF Member /OSBPs,Short Position,Change from Previous Trading Day
Contract Code：ru2609,,,,,,,,,,2026-08-21,
1,0163(brokerage business),15229,292,1,0004(brokerage business),3010,8,1,0004(brokerage business),3290,-258
2,0148(brokerage business),13717,1030,2,0272(brokerage business),1780,-35,2,0148(brokerage business),1444,-93
3,0275(brokerage business),10741,2370,3,0096(brokerage business),1316,190,3,0240(brokerage business),1427,92
4,0253(brokerage business),9717,-1318,4,0058(brokerage business),1294,48,4,0275(brokerage business),1323,-240
5,0004(brokerage business),7347,609,5,0082(brokerage business),1256,-132,5,0163(brokerage business),1249,161
6,0123(brokerage business),3015,1874,6,0163(brokerage business),1250,87,6,0123(brokerage business),1247,-49
7,0240(brokerage business),2000,-6,7,0148(brokerage business),1197,-301,7,0253(brokerage business),1214,-111
8,0059(brokerage business),1940,470,8,0103(brokerage business),808,32,8,0125(brokerage business),754,-4
9,0272(brokerage business),1361,-52,9,0177(brokerage business),804,-20,9,0059(brokerage business),743,-359
10,0259(brokerage business),1175,-970,10,0275(brokerage business),618,-241,10,0096(brokerage business),686,27
11,0009(brokerage business),969,-163,11,0240(brokerage business),579,-90,11,0003(brokerage business),615,-203
12,0081(brokerage business),800,43,12,0123(brokerage business),575,-36,12,0272(brokerage business),598,-50
13,0043(brokerage business),731,-661,13,0253(brokerage business),562,14,13,0034(brokerage business),541,-23
14,0103(brokerage business),699,-257,14,0059(brokerage business),413,8,14,0077(brokerage business),516,-19
15,0007(brokerage business),562,66,15,0277(brokerage business),396,-19,15,0069(brokerage business),498,-1
16,0321(brokerage business),445,100,16,0077(brokerage business),389,-2,16,0103(brokerage business),443,-19
17,0308(brokerage business),442,37,17,0323(brokerage business),356,-3,17,0161(brokerage business),422,43
18,0161(brokerage business),356,71,18,0151(brokerage business),351,-28,18,0268(brokerage business),417,6
19,0096(brokerage business),350,-79,19,0018(brokerage business),345,-11,19,0048(brokerage business),394,33
20,0151(brokerage business),336,-71,20,0125(brokerage business),339,60,20,0349(brokerage business),353,-5
Total,,71932,3385,Total,,17638,-471,Total,,18174,-1072
Ranking,Name of FF Member /OSBPs,Volume,Change from Previous Trading Day,Ranking,Name of FF Member /OSBPs,Long Position,Change from Previous Trading Day,Ranking,Name of FF Member /OSBPs,Short Position,Change from Previous Trading Day
Contract Code：ru2701,,,,,,,,,,2026-08-21,
1,0163(brokerage business),79539,7378,1,0004(brokerage business),11554,410,1,0004(brokerage business),17494,1117
2,0004(brokerage business),72229,-5884,2,0148(brokerage business),11310,225,2,0123(brokerage business),10369,97
3,0275(brokerage business),47073,6052,3,0163(brokerage business),7000,-273,3,0148(brokerage business),8411,930
4,0148(brokerage business),39285,2607,4,0103(brokerage business),6090,-85,4,0082(brokerage business),8406,-146
5,0253(brokerage business),25870,287,5,0272(brokerage business),4952,353,5,0275(brokerage business),6345,12
6,0272(brokerage business),23534,-1143,6,0240(brokerage business),4439,40,6,0372(brokerage business),6052,32
7,0240(brokerage business),15293,651,7,0253(brokerage business),3880,911,7,0163(brokerage business),4506,-394
8,0103(brokerage business),14452,1375,8,0268(brokerage business),3338,193,8,0272(brokerage business),4376,-125
9,0123(brokerage business),13178,5504,9,0082(brokerage business),2861,154,9,0103(brokerage business),4209,823
10,0081(brokerage business),11987,16,10,0077(brokerage business),2801,174,10,0096(brokerage business),4189,157
11,0161(brokerage business),8913,-1870,11,0277(brokerage business),2727,5,11,0151(brokerage business),3679,577
12,0259(brokerage business),7853,-448,12,0323(brokerage business),2543,96,12,0240(brokerage business),3587,197
13,0034(brokerage business),5404,591,13,0018(brokerage business),2489,-101,13,0253(brokerage business),3458,-173
14,0096(brokerage business),5335,-390,14,0123(brokerage business),2304,7,14,0125(brokerage business),3120,-733
15,0323(brokerage business),5288,516,15,0059(brokerage business),2139,46,15,0077(brokerage business),3047,-309
16,0042(brokerage business),5085,1541,16,0151(brokerage business),2025,26,16,0177(brokerage business),2285,161
17,0186(brokerage business),4733,-106,17,0274(brokerage business),1949,-117,17,0305(brokerage business),2143,0
18,0298(brokerage business),3939,-97,18,0288(brokerage business),1869,27,18,0019(brokerage business),2136,231
19,0308(brokerage business),3904,631,19,0239(brokerage business),1832,128,19,0034(brokerage business),2037,-138
20,0009(brokerage business),3793,364,20,0308(brokerage business),1803,245,20,0059(brokerage business),2020,342
Total,,396687,17575,Total,,79905,2464,Total,,101869,2658
Ranking,Name of FF Member /OSBPs,Volume,Change from Previous Trading Day,Ranking,Name of FF Member /OSBPs,Long Position,Change from Previous Trading Day,Ranking,Name of FF Member /OSBPs,Short Position,Change from Previous Trading Day
Contract Code：ru2705,,,,,,,,,,2026-08-21,
1,0253(brokerage business),3436,160,1,0103(brokerage business),1536,15,1,0082(brokerage business),4866,160
2,0163(brokerage business),2129,-214,2,0004(brokerage business),1032,44,2,0004(brokerage business),1194,-64
3,0389(brokerage business),2001,-155,3,0240(brokerage business),658,5,3,0275(brokerage business),1061,-4
4,0004(brokerage business),1994,874,4,0253(brokerage business),583,-84,4,0103(brokerage business),1004,94
5,0148(brokerage business),1924,601,5,0295(brokerage business),552,2,5,0372(brokerage business),433,3
6,0272(brokerage business),413,227,6,0148(brokerage business),504,51,6,0240(brokerage business),432,7
7,0308(brokerage business),351,-238,7,0163(brokerage business),480,17,7,0139(brokerage business),236,0
8,0049(brokerage business),241,-45,8,0275(brokerage business),350,-2,8,0148(brokerage business),226,53
9,0240(brokerage business),236,25,9,0277(brokerage business),348,20,9,0019(brokerage business),211,19
10,0081(brokerage business),216,99,10,0272(brokerage business),313,-44,10,0151(brokerage business),204,1
11,0275(brokerage business),214,-131,11,0125(brokerage business),311,-1,11,0123(brokerage business),198,-5
12,0238(brokerage business),213,24,12,0139(brokerage business),280,2,12,0096(brokerage business),151,21
13,0082(brokerage business),196,-747,13,0121(brokerage business),279,2,13,0077(brokerage business),144,1
14,0096(brokerage business),174,17,14,0006(brokerage business),262,4,14,0272(brokerage business),134,25
15,0103(brokerage business),149,-664,15,0059(brokerage business),250,7,15,0253(brokerage business),118,34
16,0077(brokerage business),138,-178,16,0323(brokerage business),182,6,16,0163(brokerage business),108,-4
17,0186(brokerage business),132,-127,17,0096(brokerage business),178,3,17,0153(brokerage business),104,7
18,0042(brokerage business),114,32,18,0186(brokerage business),171,-25,18,0335(brokerage business),95,0
19,0274(brokerage business),107,-25,19,0049(brokerage business),166,2,19,0177(brokerage business),94,0
20,0123(brokerage business),105,-12,20,0151(brokerage business),161,3,20,0319(brokerage business),85,0
Total,,14483,-477,Total,,8596,27,Total,,11098,348
Ranking,Name of FF Member /OSBPs,Volume,Change from Previous Trading Day,Ranking,Name of FF Member /OSBPs,Long Position,Change from Previous Trading Day,Ranking,Name of FF Member /OSBPs,Short Position,Change from Previous Trading Day
Contract Code：nr2609,,,,,,,,,,2026-08-21,
1,8163(brokerage business),1577,-253,1,8004(brokerage business),585,-197,1,8004(brokerage business),887,-40
2,8004(brokerage business),662,114,2,8096(brokerage business),347,-1,2,8272(brokerage business),407,-26
3,8308(brokerage business),536,42,3,8077(brokerage business),284,0,3,8253(brokerage business),387,-38
4,8148(brokerage business),460,-221,4,8163(brokerage business),242,-169,4,8125(brokerage business),300,2
5,8240(brokerage business),186,-97,5,8253(brokerage business),203,1,5,8148(brokerage business),244,-85
6,8275(brokerage business),170,2,6,8268(brokerage business),162,0,6,8163(brokerage business),218,28
7,8271(brokerage business),152,-152,7,8161(brokerage business),159,-1,7,8103(brokerage business),153,-80
8,8272(brokerage business),103,-37,8,8272(brokerage business),142,-39,8,8268(brokerage business),112,0
9,8103(brokerage business),100,-163,9,8389(brokerage business),132,0,9,8309(brokerage business),105,0
10,8253(brokerage business),91,29,10,8323(brokerage business),106,-13,10,8240(brokerage business),80,-18
11,8151(brokerage business),70,24,11,8069(brokerage business),104,1,11,8161(brokerage business),68,0
12,8009(brokerage business),65,-6,12,8103(brokerage business),92,-20,12,8298(brokerage business),61,0
13,8058(brokerage business),58,36,13,8082(brokerage business),88,0,13,8096(brokerage business),59,-5
14,8309(brokerage business),48,12,14,8121(brokerage business),67,0,14,8323(brokerage business),58,-10
15,8177(brokerage business),45,-22,15,8009(brokerage business),61,-11,15,8177(brokerage business),56,-45
16,8059(brokerage business),39,-16,16,8157(brokerage business),60,0,16,8288(brokerage business),48,-1
17,8123(brokerage business),39,-29,17,8151(brokerage business),59,1,17,8123(brokerage business),47,7
18,8186(brokerage business),27,15,18,8081(brokerage business),57,-5,18,8137(brokerage business),41,0
19,8333(brokerage business),26,10,19,8308(brokerage business),56,-2,19,8058(brokerage business),39,-21
20,8077(brokerage business),24,12,20,8003(brokerage business),54,-7,20,8153(brokerage business),37,-1
Total,,4478,-700,Total,,3060,-462,Total,,3407,-333
Ranking,Name of FF Member /OSBPs,Volume,Change from Previous Trading Day,Ranking,Name of FF Member /OSBPs,Long Position,Change from Previous Trading Day,Ranking,Name of FF Member /OSBPs,Short Position,Change from Previous Trading Day
Contract Code：nr2610,,,,,,,,,,2026-08-21,
1,8163(brokerage business),23492,-1102,1,8163(brokerage business),4516,-151,1,8004(brokerage business),7382,-1231
2,8253(brokerage business),20954,2507,2,8239(brokerage business),4440,-24,2,8148(brokerage business),5398,-176
3,8004(brokerage business),14771,1861,3,8148(brokerage business),4311,33,3,8163(brokerage business),4296,307
4,8148(brokerage business),9811,-2976,4,8004(brokerage business),4136,-146,4,8272(brokerage business),3778,65
5,8275(brokerage business),7184,-1381,5,8184(brokerage business),3645,27,5,8103(brokerage business),3603,-175
6,8081(brokerage business),4670,-4,6,8103(brokerage business),3339,19,6,8096(brokerage business),2671,13
7,8272(brokerage business),4060,-910,7,8240(brokerage business),1517,-116,7,8123(brokerage business),2443,44
8,8123(brokerage business),2709,183,8,8084(brokerage business),1455,-173,8,8253(brokerage business),2181,51
9,8096(brokerage business),2630,-328,9,8335(brokerage business),1436,7,9,8240(brokerage business),2039,-21
10,8059(brokerage business),2380,1084,10,8253(brokerage business),1181,33,10,8125(brokerage business),1724,34
11,8259(brokerage business),2103,1777,11,8139(brokerage business),1178,25,11,8177(brokerage business),1679,67
12,8186(brokerage business),1319,-623,12,8272(brokerage business),1146,-17,12,8019(brokerage business),1484,121
13,8240(brokerage business),1229,-563,13,8308(brokerage business),1143,11,13,8275(brokerage business),1355,1
14,8268(brokerage business),1202,57,14,8259(brokerage business),1029,43,14,8372(brokerage business),1310,11
15,8161(brokerage business),1189,94,15,8323(brokerage business),1022,-68,15,8319(brokerage business),1013,88
16,8043(brokerage business),1172,-39,16,8009(brokerage business),1010,52,16,8139(brokerage business),944,35
17,8069(brokerage business),1113,-1,17,8295(brokerage business),1002,-176,17,8059(brokerage business),814,5
18,8239(brokerage business),1048,-553,18,8268(brokerage business),889,132,18,8003(brokerage business),767,136
19,8298(brokerage business),895,-215,19,8288(brokerage business),877,67,19,8077(brokerage business),748,11
20,8034(brokerage business),893,-70,20,8274(brokerage business),855,87,20,8349(brokerage business),682,54
Total,,104824,-1202,Total,,40127,-335,Total,,46311,-560
Ranking,Name of FF Member /OSBPs,Volume,Change from Previous Trading Day,Ranking,Name of FF Member /OSBPs,Long Position,Change from Previous Trading Day,Ranking,Name of FF Member /OSBPs,Short Position,Change from Previous Trading Day
Contract Code：nr2611,,,,,,,,,,2026-08-21,
1,8163(brokerage business),12406,112,1,8103(brokerage business),3733,149,1,8004(brokerage business),4861,-1289
2,8253(brokerage business),11487,963,2,8004(brokerage business),3224,-254,2,8009(brokerage business),3346,110
3,8004(brokerage business),6523,1187,3,8148(brokerage business),2494,77,3,8240(brokerage business),2471,84
4,8148(brokerage business),5088,-1872,4,8184(brokerage business),2366,149,4,8163(brokerage business),2232,25
5,8275(brokerage business),3643,171,5,8239(brokerage business),2225,679,5,8125(brokerage business),2208,668
6,8123(brokerage business),3362,2210,6,8349(brokerage business),2101,0,6,8123(brokerage business),2120,2001
7,8096(brokerage business),2326,199,7,8009(brokerage business),2011,-53,7,8148(brokerage business),2070,-305
8,8081(brokerage business),1996,520,8,8274(brokerage business),1624,51,8,8308(brokerage business),1553,199
9,8323(brokerage business),1806,127,9,8335(brokerage business),1428,20,9,8177(brokerage business),1413,149
10,8059(brokerage business),1687,227,10,8305(brokerage business),1291,0,10,8082(brokerage business),1368,7
11,8308(brokerage business),1021,97,11,8323(brokerage business),1124,80,11,8259(brokerage business),1342,62
12,8125(brokerage business),762,523,12,8139(brokerage business),1056,2,12,8103(brokerage business),1303,156
13,8239(brokerage business),754,-206,13,8163(brokerage business),998,23,13,8008(brokerage business),1161,10
14,8240(brokerage business),601,-249,14,8240(brokerage business),976,-21,14,8275(brokerage business),1069,122
15,8069(brokerage business),512,97,15,8123(brokerage business),917,115,15,8058(brokerage business),1059,103
16,8268(brokerage business),491,-201,16,8177(brokerage business),915,-59,16,8077(brokerage business),924,78
17,8103(brokerage business),421,-1070,17,8272(brokerage business),857,-35,17,8253(brokerage business),656,105
18,8034(brokerage business),415,257,18,8277(brokerage business),794,0,18,8418(brokerage business),641,-180
19,8077(brokerage business),381,262,19,8077(brokerage business),654,263,19,8268(brokerage business),630,37
20,8259(brokerage business),300,-831,20,8268(brokerage business),606,126,20,8096(brokerage business),508,-287
Total,,55982,2523,Total,,31394,1312,Total,,32935,1855
Ranking,Name of FF Member /OSBPs,Volume,Change from Previous Trading Day,Ranking,Name of FF Member /OSBPs,Long Position,Change from Previous Trading Day,Ranking,Name of FF Member /OSBPs,Short Position,Change from Previous Trading Day
Contract Code：nr2612,,,,,,,,,,2026-08-21,
1,8163(brokerage business),9058,4430,1,8004(brokerage business),3455,62,1,8004(brokerage business),3584,340
2,8253(brokerage business),6115,1193,2,8148(brokerage business),3233,1015,2,8148(brokerage business),2819,469
3,8275(brokerage business),3990,2736,3,8268(brokerage business),2000,50,3,8268(brokerage business),2097,50
4,8148(brokerage business),3916,2066,4,8082(brokerage business),1891,-4,4,8253(brokerage business),1913,17
5,8004(brokerage business),2214,332,5,8163(brokerage business),1763,300,5,8082(brokerage business),1682,40
6,8123(brokerage business),1554,769,6,8253(brokerage business),1621,10,6,8372(brokerage business),1451,201
7,8059(brokerage business),1396,1394,7,8009(brokerage business),1393,204,7,8103(brokerage business),1432,123
8,8139(brokerage business),577,575,8,8323(brokerage business),1340,-105,8,8323(brokerage business),1369,15
9,8069(brokerage business),526,301,9,8161(brokerage business),1223,-3,9,8163(brokerage business),1362,58
10,8271(brokerage business),447,129,10,8034(brokerage business),1103,-5,10,8161(brokerage business),1202,-5
11,8372(brokerage business),400,193,11,8372(brokerage business),971,1,11,8275(brokerage business),1157,0
12,8323(brokerage business),382,110,12,8103(brokerage business),950,129,12,8034(brokerage business),1106,-5
13,8058(brokerage business),309,-108,13,8277(brokerage business),910,0,13,8058(brokerage business),968,286
14,8268(brokerage business),292,194,14,8274(brokerage business),885,-29,14,8240(brokerage business),721,0
15,8308(brokerage business),290,226,15,8139(brokerage business),550,549,15,8081(brokerage business),476,70
16,8103(brokerage business),252,-69,16,8259(brokerage business),476,135,16,8019(brokerage business),263,0
17,8009(brokerage business),243,-255,17,8308(brokerage business),471,126,17,8096(brokerage business),186,82
18,8161(brokerage business),242,30,18,8240(brokerage business),196,-12,18,8308(brokerage business),166,140
19,8082(brokerage business),200,86,19,8123(brokerage business),150,11,19,8077(brokerage business),163,23
20,8077(brokerage business),167,-31,20,8069(brokerage business),130,-50,20,8123(brokerage business),131,17
Total,,32570,14301,Total,,24711,2384,Total,,24248,1921
Ranking,Name of FF Member /OSBPs,Volume,Change from Previous Trading Day,Ranking,Name of FF Member /OSBPs,Long Position,Change from Previous Trading Day,Ranking,Name of FF Member /OSBPs,Short Position,Change from Previous Trading Day
Contract Code：nr2701,,,,,,,,,,2026-08-21,
1,8253(brokerage business),2836,941,1,8009(brokerage business),2966,-94,1,8004(brokerage business),4849,147
2,8163(brokerage business),2643,335,2,8004(brokerage business),2501,118,2,8148(brokerage business),3049,-115
3,8148(brokerage business),1494,446,3,8125(brokerage business),1359,-372,3,8349(brokerage business),1657,2
4,8004(brokerage business),1395,-315,4,8295(brokerage business),1340,-4,4,8253(brokerage business),1029,69
5,8308(brokerage business),1095,495,5,8323(brokerage business),1129,22,5,8081(brokerage business),967,47
6,8275(brokerage business),738,308,6,8272(brokerage business),1032,21,6,8305(brokerage business),871,0
7,8123(brokerage business),653,157,7,8253(brokerage business),947,91,7,8123(brokerage business),823,202
8,8069(brokerage business),523,84,8,8274(brokerage business),937,-41,8,8103(brokerage business),811,69
9,8125(brokerage business),499,204,9,8059(brokerage business),863,21,9,8321(brokerage business),788,155
10,8009(brokerage business),353,124,10,8163(brokerage business),778,20,10,8019(brokerage business),775,-5
11,8271(brokerage business),351,-79,11,8148(brokerage business),647,-11,11,8385(brokerage business),734,0
12,8333(brokerage business),299,236,12,8107(brokerage business),541,1,12,8082(brokerage business),536,0
13,8030(brokerage business),253,-47,13,8123(brokerage business),535,55,13,8275(brokerage business),518,24
14,8059(brokerage business),251,230,14,8240(brokerage business),523,27,14,8163(brokerage business),514,81
15,8077(brokerage business),234,40,15,8043(brokerage business),475,14,15,8254(brokerage business),477,21
16,8049(brokerage business),221,50,16,8067(brokerage business),467,24,16,8240(brokerage business),440,7
17,8323(brokerage business),216,26,17,8121(brokerage business),434,1,17,8059(brokerage business),410,-14
18,8257(brokerage business),203,-32,18,8321(brokerage business),404,1,18,8272(brokerage business),406,-26
19,8418(brokerage business),201,201,19,8081(brokerage business),392,3,19,8389(brokerage business),349,-44
20,8259(brokerage business),198,144,20,8389(brokerage business),358,45,20,8069(brokerage business),323,-34
Total,,14656,3548,Total,,18628,-58,Total,,20326,586
Member/OSP Type,Total Volume,Change from Previous Trading Day,Member/OSP Type,Total Long Position,Change from Previous Trading Day,Member/OSP Type,Total Short Position,Change from Previous Trading Day,,,
Contract Code：spall,,,,,,,2026-08-21,,,,
Name of FF Member/OSBP,1406670,578962,Name of FF Member/OSBP,428583,-27048,Name of FF Member/OSBP,428583,-27048,,,
Name of Non-FF Member/OSNBP,0,0,Name of Non-FF Member/OSNBP,0,0,Name of Non-FF Member/OSNBP,0,0,,,
Ranking,Name of FF Member /OSBPs,Volume,Change from Previous Trading Day,Ranking,Name of FF Member /OSBPs,Long Position,Change from Previous Trading Day,Ranking,Name of FF Member /OSBPs,Short Position,Change from Previous Trading Day
Contract Code：sp2609,,,,,,,,,,2026-08-21,
1,0275(brokerage business),17888,11163,1,0004(brokerage business),5088,-998,1,0004(brokerage business),5834,-1374
2,0148(brokerage business),17493,-1570,2,0311(brokerage business),2357,1,2,0148(brokerage business),5302,-1149
3,0163(brokerage business),14167,4206,3,0148(brokerage business),2288,-466,3,0163(brokerage business),4279,-314
4,0004(brokerage business),10484,4524,4,0272(brokerage business),1935,-128,4,0177(brokerage business),2648,-1043
5,0253(brokerage business),3977,2108,5,0081(brokerage business),1859,-131,5,0125(brokerage business),2209,-187
6,0272(brokerage business),2304,1707,6,0253(brokerage business),1649,246,6,0059(brokerage business),1932,-26
7,0123(brokerage business),2008,1439,7,0163(brokerage business),1379,204,7,0253(brokerage business),1872,-1085
8,0240(brokerage business),1929,1153,8,0042(brokerage business),1263,-447,8,0103(brokerage business),1676,-239
9,0268(brokerage business),1866,1198,9,0240(brokerage business),1058,-866,9,0321(brokerage business),1593,-124
10,0082(brokerage business),1395,1135,10,0058(brokerage business),1026,-189,10,0272(brokerage business),1536,-803
11,0077(brokerage business),1242,1134,11,0082(brokerage business),1006,-245,11,0123(brokerage business),1444,12
12,0177(brokerage business),1211,469,12,0103(brokerage business),972,-413,12,0268(brokerage business),1329,91
13,0059(brokerage business),1159,631,13,0034(brokerage business),934,-302,13,0259(brokerage business),1161,-62
14,0019(brokerage business),1119,820,14,0169(brokerage business),921,-46,14,0082(brokerage business),942,-852
15,0161(brokerage business),1068,353,15,0009(brokerage business),914,-45,15,0161(brokerage business),812,14
16,0025(brokerage business),1022,703,16,0069(brokerage business),895,-47,16,0096(brokerage business),697,164
17,0103(brokerage business),970,414,17,0323(brokerage business),894,-60,17,0043(brokerage business),693,-40
18,0308(brokerage business),916,576,18,0096(brokerage business),888,-250,18,0275(brokerage business),691,48
19,0058(brokerage business),862,429,19,0161(brokerage business),779,-111,19,0240(brokerage business),653,265
20,0034(brokerage business),817,454,20,0038(brokerage business),769,-36,20,0137(brokerage business),604,52
Total,,83897,33046,Total,,28874,-4329,Total,,37907,-6652
Ranking,Name of FF Member /OSBPs,Volume,Change from Previous Trading Day,Ranking,Name of FF Member /OSBPs,Long Position,Change from Previous Trading Day,Ranking,Name of FF Member /OSBPs,Short Position,Change from Previous Trading Day
Contract Code：sp2611,,,,,,,,,,2026-08-21,
1,0004(brokerage business),203565,77435,1,0004(brokerage business),32730,69,1,0148(brokerage business),27977,-2933
2,0163(brokerage business),99879,33809,2,0148(brokerage business),16381,6,2,0004(brokerage business),24424,2650
3,0148(brokerage business),99047,21404,3,0163(brokerage business),13953,2371,3,0163(brokerage business),15666,1232
4,0275(brokerage business),71783,19619,4,0272(brokerage business),10996,-1150,4,0272(brokerage business),13887,200
5,0253(brokerage business),65766,32367,5,0253(brokerage business),10365,-2705,5,0239(brokerage business),10687,-5019
6,0272(brokerage business),57710,23628,6,0081(brokerage business),7860,-76,6,0103(brokerage business),10571,-1675
7,0081(brokerage business),44919,19316,7,0268(brokerage business),7489,94,7,0253(brokerage business),10349,-603
8,0240(brokerage business),44120,16279,8,0103(brokerage business),7464,-574,8,0081(brokerage business),8866,45
9,0123(brokerage business),23371,9879,9,0139(brokerage business),6515,-943,9,0059(brokerage business),7406,-2365
10,0103(brokerage business),16481,6960,10,0137(brokerage business),6221,246,10,0335(brokerage business),6788,-2410
11,0259(brokerage business),16411,-4353,11,0048(brokerage business),6212,109,11,0123(brokerage business),6121,27
12,0161(brokerage business),14022,-3318,12,0178(brokerage business),5383,-169,12,0137(brokerage business),5764,-403
13,0059(brokerage business),13976,7683,13,0043(brokerage business),4959,-217,13,0048(brokerage business),5398,-465
14,0096(brokerage business),12757,4502,14,0096(brokerage business),4527,15,14,0043(brokerage business),4853,-793
15,0268(brokerage business),11929,5746,15,0008(brokerage business),4180,46,15,0178(brokerage business),4769,-7
16,0186(brokerage business),10528,2242,16,0059(brokerage business),3915,127,16,0139(brokerage business),4500,-140
17,0308(brokerage business),10074,6763,17,0077(brokerage business),3882,-396,17,0008(brokerage business),4077,-88
18,0298(brokerage business),9411,4043,18,0240(brokerage business),3852,-672,18,0177(brokerage business),3947,1428
19,0034(brokerage business),9390,5183,19,0238(brokerage business),3670,-65,19,0084(brokerage business),3309,-110
20,0323(brokerage business),8464,4248,20,0288(brokerage business),3557,694,20,0058(brokerage business),3287,-1091
Total,,843603,293435,Total,,164111,-3190,Total,,182646,-12520
Ranking,Name of FF Member /OSBPs,Volume,Change from Previous Trading Day,Ranking,Name of FF Member /OSBPs,Long Position,Change from Previous Trading Day,Ranking,Name of FF Member /OSBPs,Short Position,Change from Previous Trading Day
Contract Code：sp2701,,,,,,,,,,2026-08-21,
1,0004(brokerage business),35372,23231,1,0004(brokerage business),14552,558,1,0004(brokerage business),16295,1042
2,0148(brokerage business),30829,16648,2,0123(brokerage business),9598,193,2,0148(brokerage business),14012,-504
3,0163(brokerage business),23547,12510,3,0163(brokerage business),6588,200,3,0418(brokerage business),4236,567
4,0253(brokerage business),17376,10115,4,0272(brokerage business),5536,-258,4,0335(brokerage business),4206,-1054
5,0275(brokerage business),13004,7547,5,0177(brokerage business),5430,110,5,0169(brokerage business),3910,-1
6,0123(brokerage business),9944,9142,6,0042(brokerage business),4628,20,6,0058(brokerage business),3810,-51
7,0081(brokerage business),8762,4859,7,0043(brokerage business),3320,58,7,0177(brokerage business),3635,670
8,0034(brokerage business),5716,2391,8,0148(brokerage business),3159,-335,8,0009(brokerage business),3475,898
9,0272(brokerage business),5151,3809,9,0103(brokerage business),3156,56,9,0125(brokerage business),3210,388
10,0240(brokerage business),4200,2149,10,0018(brokerage business),2625,-22,10,0029(brokerage business),3143,61
11,0059(brokerage business),3559,2961,11,0034(brokerage business),2445,-144,11,0272(brokerage business),2859,1187
12,0096(brokerage business),3301,1674,12,0253(brokerage business),1814,-162,12,0103(brokerage business),2785,62
13,0274(brokerage business),3069,1962,13,0288(brokerage business),1807,-102,13,0253(brokerage business),2643,-448
14,0058(brokerage business),3056,2331,14,0262(brokerage business),1633,-23,14,0081(brokerage business),2603,-235
15,0239(brokerage business),2695,2390,15,0019(brokerage business),1486,18,15,0096(brokerage business),2534,784
16,0308(brokerage business),2347,1756,16,0186(brokerage business),1443,-89,16,0082(brokerage business),2483,290
17,0103(brokerage business),2246,1596,17,0137(brokerage business),1434,38,17,0003(brokerage business),2352,600
18,0086(brokerage business),2061,1660,18,0058(brokerage business),1330,87,18,0163(brokerage business),2334,-971
19,0077(brokerage business),1993,1247,19,0239(brokerage business),1323,-1085,19,0139(brokerage business),1976,680
20,0007(brokerage business),1892,1456,20,0077(brokerage business),1321,1,20,0019(brokerage business),1768,36
Total,,180120,111434,Total,,74628,-881,Total,,84269,4001
Member/OSP Type,Total Volume,Change from Previous Trading Day,Member/OSP Type,Total Long Position,Change from Previous Trading Day,Member/OSP Type,Total Short Position,Change from Previous Trading Day,,,
Contract Code：opall,,,,,,,2026-08-21,,,,
Name of FF Member/OSBP,28240,6390,Name of FF Member/OSBP,24248,-539,Name of FF Member/OSBP,24248,-539,,,
Name of Non-FF Member/OSNBP,0,0,Name of Non-FF Member/OSNBP,0,0,Name of Non-FF Member/OSNBP,0,0,,,
Ranking,Name of FF Member /OSBPs,Volume,Change from Previous Trading Day,Ranking,Name of FF Member /OSBPs,Long Position,Change from Previous Trading Day,Ranking,Name of FF Member /OSBPs,Short Position,Change from Previous Trading Day
Contract Code：op2609,,,,,,,,,,2026-08-21,
1,0268(brokerage business),1190,553,1,0268(brokerage business),888,5,1,0268(brokerage business),880,9
2,0275(brokerage business),638,170,2,0004(brokerage business),539,7,2,0004(brokerage business),672,-67
3,0004(brokerage business),622,9,3,0082(brokerage business),503,-5,3,0008(brokerage business),495,0
4,0163(brokerage business),621,129,4,0257(brokerage business),497,6,4,0082(brokerage business),494,2
5,0257(brokerage business),594,-69,5,0008(brokerage business),495,0,5,0257(brokerage business),494,-8
6,0148(brokerage business),334,-286,6,0148(brokerage business),475,-26,6,0148(brokerage business),480,-42
7,0161(brokerage business),332,112,7,0123(brokerage business),473,0,7,0123(brokerage business),473,0
8,0008(brokerage business),142,93,8,0275(brokerage business),452,1,8,0275(brokerage business),456,3
9,0082(brokerage business),63,0,9,0096(brokerage business),101,-6,9,0321(brokerage business),50,50
10,0058(brokerage business),61,46,10,0182(brokerage business),57,0,10,0161(brokerage business),44,-133
11,0321(brokerage business),50,50,11,0059(brokerage business),48,17,11,0018(brokerage business),43,0
12,0059(brokerage business),49,44,12,0161(brokerage business),42,-139,12,0125(brokerage business),20,0
13,0013(brokerage business),44,24,13,0163(brokerage business),23,-4,13,0137(brokerage business),14,0
14,0186(brokerage business),15,15,14,0139(brokerage business),18,-6,14,0042(brokerage business),10,-10
15,0086(brokerage business),12,12,15,0058(brokerage business),12,10,15,0163(brokerage business),7,-3
16,0089(brokerage business),11,11,16,0186(brokerage business),10,-15,16,0001(brokerage business),6,0
17,0042(brokerage business),10,0,17,0238(brokerage business),10,0,17,0007(brokerage business),6,0
18,0096(brokerage business),8,5,18,0272(brokerage business),9,0,18,0048(brokerage business),6,0
19,0043(brokerage business),6,6,19,0240(brokerage business),7,-2,19,0277(brokerage business),5,0
20,0139(brokerage business),6,6,20,0089(brokerage business),3,3,20,0240(brokerage business),4,0
Total,,4808,930,Total,,4662,-154,Total,,4659,-199
Ranking,Name of FF Member /OSBPs,Volume,Change from Previous Trading Day,Ranking,Name of FF Member /OSBPs,Long Position,Change from Previous Trading Day,Ranking,Name of FF Member /OSBPs,Short Position,Change from Previous Trading Day
Contract Code：op2610,,,,,,,,,,2026-08-21,
1,0163(brokerage business),3854,1350,1,0268(brokerage business),2974,-6,1,0268(brokerage business),2926,18
2,0268(brokerage business),2366,763,2,0148(brokerage business),2532,-129,2,0123(brokerage business),2688,-45
3,0148(brokerage business),2101,635,3,0004(brokerage business),2424,-30,3,0148(brokerage business),2532,-2
4,0004(brokerage business),1395,401,4,0123(brokerage business),2265,-48,4,0008(brokerage business),2194,1
5,0257(brokerage business),1060,-48,5,0008(brokerage business),2210,2,5,0004(brokerage business),2113,-55
6,0123(brokerage business),953,286,6,0082(brokerage business),1961,-21,6,0082(brokerage business),1899,-2
7,0008(brokerage business),725,79,7,0257(brokerage business),1498,-18,7,0257(brokerage business),1502,-6
8,0081(brokerage business),722,424,8,0275(brokerage business),1215,-4,8,0275(brokerage business),1206,-3
9,0161(brokerage business),705,125,9,0161(brokerage business),751,10,9,0161(brokerage business),745,1
10,0275(brokerage business),359,32,10,0013(brokerage business),157,57,10,0163(brokerage business),310,-19
11,0082(brokerage business),243,114,11,0372(brokerage business),86,86,11,0253(brokerage business),274,-2
12,0321(brokerage business),218,217,12,0125(brokerage business),56,3,12,0103(brokerage business),244,41
13,0272(brokerage business),204,163,13,0137(brokerage business),53,3,13,0272(brokerage business),78,-2
14,0058(brokerage business),178,112,14,0163(brokerage business),53,-47,14,0058(brokerage business),62,50
15,0186(brokerage business),125,98,15,0321(brokerage business),49,48,15,0252(brokerage business),25,-5
16,0019(brokerage business),113,77,16,0018(brokerage business),47,-1,16,0320(brokerage business),21,0
17,0103(brokerage business),91,37,17,0186(brokerage business),35,-33,17,0249(brokerage business),18,0
18,0372(brokerage business),86,86,18,0298(brokerage business),33,23,18,0081(brokerage business),13,-21
19,0118(brokerage business),80,80,19,0034(brokerage business),32,2,19,0169(brokerage business),9,-50
20,0298(brokerage business),69,44,20,0051(brokerage business),27,1,20,0067(brokerage business),7,1
Total,,15647,5075,Total,,18458,-102,Total,,18866,-100
